-0.363483369
-0.363483369
-0.363483369
-0.363483369
-0.363483369
-0.363483369
-0.363483369
-0.363483369
-0.363483369
-0.363483369
-0.363483369
-0.363483369
-0.363483369
-0.363483369
-0.363483369
-0.363483369
-0.363483369
-0.363483369
-0.363483369
-0.363483369
-0.363483369
-0.363483369
-0.363483369
-0.363483369
-0.363483369
-0.363483369
-0.363483369
-0.363483369
-0.363483369
-0.363483369
-0.363483369
-0.363483369
-0.363483369
-0.363483369
-0.363483369
-0.363483369
-0.363483369
-0.363483369
-0.363483369
-0.363483369
-0.363483369
-0.363483369
-0.363483369
-0.363483369
-0.363483369
-0.363483369
-0.363483369
-0.363483369
-0.363483369
-0.363483369
-0.363483369
-0.363483369
-0.363483369
-0.363483369
-0.363483369
-0.363483369
-0.363483369
-0.363483369
-0.363483369
-0.363483369
-0.363483369
-0.363483369
-0.363483369
-0.363483369
-0.363483369
-0.363483369
-0.363483369
-0.363483369
-0.363483369
-0.363483369
-0.363483369
-0.363483369
-0.363483369
-0.363483369
-0.363483369
-0.363483369
-0.363483369
-0.363483369
-0.363483369
-0.363483369
-0.363483369
-0.363483369
-0.363483369
-0.363483369
-0.363483369
-0.363483369
-0.363483369
-0.363483369
-0.363483369
-0.363483369
-0.363483369
-0.363483369
-0.363483369
-0.363483369
-0.363483369
-0.363483369
-0.363483369
-0.363483369
-0.363483369
-0.363483369
-0.363483369
-0.363483369
-0.363483369
-0.363483369
-0.363483369
-0.363483369
-0.363483369
-0.363483369
-0.363483369
-0.363483369
-0.363483369
-0.363483369
-0.363483369
-0.363483369
-0.363483369
-0.363483369
-0.363483369
-0.363483369
-0.363483369
-0.363483369
-0.363483369
-0.363483369
-0.363483369
-0.363483369
-0.363483369
-0.363483369
-0.363483369
-0.363483369
-0.363483369
-0.363483369
-0.363483369
-0.363483369
-0.363483369
-0.363483369
-0.363483369
-0.363483369
-0.363483369
-0.363483369
-0.363483369
-0.363483369
-0.363483369
-0.363483369
-0.363483369
-0.363483369
-0.363483369
-0.363483369
-0.363483369
-0.363483369
-0.363483369
-0.363483369
-0.363483369
-0.363483369
-0.363483369
-0.363483369
-0.363483369
-0.363483369
-0.363483369
-0.363483369
-0.363483369
-0.363483369
-0.363483369
-0.363483369
-0.363483369
-0.363483369
-0.363483369
-0.363483369
-0.363483369
-0.363483369
-0.363483369
-0.363483369
-0.363483369
-0.363483369
-0.363483369
-0.363483369
-0.363483369
-0.363483369
-0.363483369
-0.363483369
-0.363483369
-0.363483369
-0.363483369
-0.363483369
-0.363483369
-0.363483369
-0.363483369
-0.363483369
-0.363483369
-0.363483369
-0.363483369
-0.363483369
-0.363483369
-0.363483369
-0.363483369
-0.363483369
-0.363483369
-0.363483369
-0.363483369
-0.363483369
-0.363483369
-0.363483369
-0.363483369
-0.363483369
-0.363483369
-0.363483369
-0.363483369
-0.363483369
-0.363483369
-0.206744492
0.120982222
1.90210569
3.27000856
3.27000856
2.98502874
0.00699031958
-0.363483369
-0.363483369
-0.363483369
-0.363483369
-0.363483369
-0.363483369
-0.363483369
-0.363483369
-0.363483369
-0.363483369
-0.363483369
-0.363483369
-0.363483369
-0.363483369
-0.363483369
-0.363483369
-0.363483369
-0.363483369
-0.363483369
-0.363483369
-0.363483369
-0.363483369
-0.363483369
-0.363483369
-0.19249551
1.40339112
3.22726154
3.22726154
3.22726154
3.22726154
3.22726154
2.64305305
0.591198802
0.135231212
-0.363483369
-0.363483369
-0.363483369
-0.363483369
-0.363483369
-0.363483369
-0.363483369
-0.363483369
-0.363483369
-0.363483369
-0.363483369
-0.363483369
-0.363483369
-0.363483369
-0.363483369
-0.363483369
-0.363483369
-0.363483369
-0.363483369
-0.363483369
-0.363483369
0.947423518
1.44613802
3.22726154
3.22726154
3.22726154
3.22726154
3.22726154
3.22726154
3.22726154
3.22726154
1.48888505
-0.363483369
-0.363483369
-0.363483369
-0.363483369
-0.363483369
-0.363483369
-0.363483369
-0.363483369
-0.363483369
-0.363483369
-0.363483369
-0.363483369
-0.363483369
-0.363483369
-0.363483369
-0.363483369
-0.363483369
-0.363483369
-0.363483369
-0.363483369
-0.363483369
2.94228172
3.22726154
3.22726154
3.22726154
3.22726154
3.22726154
3.22726154
3.22726154
3.22726154
3.22726154
2.41506934
0.377463996
-0.363483369
-0.363483369
-0.363483369
-0.363483369
-0.363483369
-0.363483369
-0.363483369
-0.363483369
-0.363483369
-0.363483369
-0.363483369
-0.363483369
-0.363483369
-0.363483369
-0.363483369
-0.363483369
-0.363483369
-0.363483369
-0.363483369
1.50313401
3.12751865
3.22726154
3.22726154
3.22726154
3.22726154
3.22726154
3.22726154
3.22726154
3.22726154
3.22726154
3.22726154
2.47206521
0.249223113
-0.363483369
-0.363483369
-0.363483369
-0.363483369
-0.363483369
-0.363483369
-0.363483369
-0.363483369
-0.363483369
-0.363483369
-0.363483369
-0.363483369
-0.363483369
-0.363483369
-0.363483369
-0.363483369
-0.363483369
1.50313401
3.07052279
3.22726154
3.22726154
3.22726154
3.22726154
3.22726154
3.22726154
3.22726154
3.22726154
3.22726154
3.22726154
3.22726154
3.22726154
0.562700868
-0.363483369
-0.363483369
-0.363483369
-0.363483369
-0.363483369
-0.363483369
-0.363483369
-0.363483369
-0.363483369
-0.363483369
-0.363483369
-0.363483369
-0.363483369
-0.363483369
-0.363483369
-0.363483369
1.38914216
3.12751865
3.22726154
3.22726154
3.22726154
3.18451452
1.68837082
1.71686888
3.18451452
3.22726154
3.22726154
3.22726154
3.22726154
3.22726154
3.22726154
0.562700868
-0.363483369
-0.363483369
-0.363483369
-0.363483369
-0.363483369
-0.363483369
-0.363483369
-0.363483369
-0.363483369
-0.363483369
-0.363483369
-0.363483369
-0.363483369
-0.363483369
-0.363483369
-0.10700158
1.83086073
3.22726154
3.22726154
3.22726154
3.22726154
2.13008952
-0.363483369
-0.363483369
1.71686888
2.60030603
3.21301246
3.22726154
3.22726154
3.22726154
3.22726154
0.562700868
-0.363483369
-0.363483369
-0.363483369
-0.363483369
-0.363483369
-0.363483369
-0.363483369
-0.363483369
-0.363483369
-0.363483369
-0.363483369
-0.363483369
-0.363483369
-0.363483369
-0.0642546192
1.71686888
3.22726154
3.22726154
3.22726154
3.22726154
3.22726154
2.13008952
-0.363483369
-0.363483369
-0.363483369
-0.363483369
3.09902072
3.22726154
3.22726154
3.22726154
3.22726154
0.562700868
-0.363483369
-0.363483369
-0.363483369
-0.363483369
-0.363483369
-0.363483369
-0.363483369
-0.363483369
-0.363483369
-0.363483369
-0.363483369
-0.363483369
-0.363483369
-0.149748549
1.74536681
3.22726154
3.22726154
3.22726154
3.22726154
3.22726154
2.95653081
1.04716647
-0.363483369
-0.363483369
-0.363483369
-0.363483369
3.09902072
3.22726154
3.22726154
3.22726154
3.22726154
0.562700868
-0.363483369
-0.363483369
-0.363483369
-0.363483369
-0.363483369
-0.363483369
-0.363483369
-0.363483369
-0.363483369
-0.363483369
-0.363483369
-0.363483369
-0.363483369
0.120982222
3.22726154
3.22726154
3.22726154
3.22726154
3.22726154
3.22726154
2.60030603
-0.363483369
-0.363483369
-0.363483369
-0.363483369
-0.363483369
3.09902072
3.22726154
3.22726154
3.22726154
3.22726154
0.562700868
-0.363483369
-0.363483369
-0.363483369
-0.363483369
-0.363483369
-0.363483369
-0.363483369
-0.363483369
-0.363483369
-0.363483369
-0.363483369
-0.363483369
-0.363483369
0.120982222
3.22726154
3.22726154
3.22726154
3.22726154
3.22726154
3.12751865
0.534202874
-0.363483369
-0.363483369
-0.363483369
-0.363483369
1.73111784
3.19876361
3.22726154
3.22726154
3.22726154
1.67412186
-0.0785036087
-0.363483369
-0.363483369
-0.363483369
-0.363483369
-0.363483369
-0.363483369
-0.363483369
-0.363483369
-0.363483369
-0.363483369
-0.363483369
-0.363483369
-0.363483369
0.120982222
3.22726154
3.22726154
3.22726154
3.22726154
3.22726154
3.07052279
-0.363483369
-0.363483369
-0.363483369
-0.363483369
1.73111784
3.12751865
3.22726154
3.22726154
3.22726154
3.22726154
1.03291738
-0.363483369
-0.363483369
-0.363483369
-0.363483369
-0.363483369
-0.363483369
-0.363483369
-0.363483369
-0.363483369
-0.363483369
-0.363483369
-0.363483369
-0.363483369
-0.363483369
0.120982222
3.22726154
3.22726154
3.22726154
3.22726154
3.22726154
0.0354882963
-0.363483369
-0.26374045
-0.0357566439
1.74536681
3.19876361
3.22726154
3.22726154
3.22726154
3.22726154
1.56013
-0.306487411
-0.363483369
-0.363483369
-0.363483369
-0.363483369
-0.363483369
-0.363483369
-0.363483369
-0.363483369
-0.363483369
-0.363483369
-0.363483369
-0.363483369
-0.363483369
-0.363483369
0.120982222
3.22726154
3.22726154
3.22726154
3.22726154
3.22726154
0.662443757
0.434459955
1.30364823
3.22726154
3.22726154
3.22726154
3.22726154
3.22726154
3.22726154
2.95653081
1.10416234
-0.363483369
-0.363483369
-0.363483369
-0.363483369
-0.363483369
-0.363483369
-0.363483369
-0.363483369
-0.363483369
-0.363483369
-0.363483369
-0.363483369
-0.363483369
-0.363483369
-0.363483369
0.120982222
3.22726154
3.22726154
3.22726154
3.22726154
3.22726154
3.22726154
3.22726154
3.22726154
3.22726154
3.22726154
3.22726154
3.22726154
3.12751865
1.97335064
1.16115832
-0.363483369
-0.363483369
-0.363483369
-0.363483369
-0.363483369
-0.363483369
-0.363483369
-0.363483369
-0.363483369
-0.363483369
-0.363483369
-0.363483369
-0.363483369
-0.363483369
-0.363483369
-0.363483369
0.120982222
3.22726154
3.22726154
3.22726154
3.22726154
3.22726154
3.22726154
3.22726154
3.22726154
3.22726154
3.22726154
3.22726154
3.22726154
2.91378379
-0.363483369
-0.363483369
-0.363483369
-0.363483369
-0.363483369
-0.363483369
-0.363483369
-0.363483369
-0.363483369
-0.363483369
-0.363483369
-0.363483369
-0.363483369
-0.363483369
-0.363483369
-0.363483369
-0.363483369
-0.363483369
-0.178246528
1.6028769
3.22726154
3.22726154
3.22726154
3.22726154
3.22726154
3.22726154
3.22726154
3.22726154
3.22726154
3.22726154
3.22726154
2.91378379
-0.363483369
-0.363483369
-0.363483369
-0.363483369
-0.363483369
-0.363483369
-0.363483369
-0.363483369
-0.363483369
-0.363483369
-0.363483369
-0.363483369
-0.363483369
-0.363483369
-0.363483369
-0.363483369
-0.363483369
-0.363483369
-0.363483369
-0.12125057
1.6028769
3.22726154
3.22726154
3.22726154
3.22726154
3.22726154
3.22726154
3.22726154
3.22726154
3.22726154
1.00441945
0.477206916
-0.363483369
-0.363483369
-0.363483369
-0.363483369
-0.363483369
-0.363483369
-0.363483369
-0.363483369
-0.363483369
-0.363483369
-0.363483369
-0.363483369
-0.363483369
-0.363483369
-0.363483369
-0.363483369
-0.363483369
-0.363483369
-0.363483369
-0.363483369
-0.178246528
1.73111784
3.22726154
3.22726154
3.22726154
3.22726154
3.22726154
3.22726154
3.22726154
1.03291738
-0.277989447
-0.363483369
-0.363483369
-0.363483369
-0.363483369
-0.363483369
-0.363483369
-0.363483369
-0.363483369
-0.363483369
-0.363483369
-0.363483369
-0.363483369
-0.363483369
-0.363483369
-0.363483369
-0.363483369
-0.363483369
-0.363483369
-0.363483369
-0.363483369
-0.363483369
-0.363483369
-0.363483369
-0.363483369
-0.363483369
-0.363483369
-0.363483369
-0.363483369
-0.363483369
-0.363483369
-0.363483369
-0.363483369
-0.363483369
-0.363483369
-0.363483369
-0.363483369
-0.363483369
-0.363483369
-0.363483369
-0.363483369
-0.363483369
-0.363483369
-0.363483369
-0.363483369
-0.363483369
-0.363483369
-0.363483369
-0.363483369
-0.363483369
-0.363483369
-0.363483369
-0.363483369
-0.363483369
-0.363483369
-0.363483369
-0.363483369
-0.363483369
-0.363483369
-0.363483369
-0.363483369
-0.363483369
-0.363483369
-0.363483369
-0.363483369
-0.363483369
-0.363483369
-0.363483369
-0.363483369
-0.363483369
-0.363483369
-0.363483369
-0.363483369
-0.363483369
-0.363483369
-0.363483369
-0.363483369
-0.363483369
-0.363483369
-0.363483369
-0.363483369
-0.363483369
-0.363483369
-0.363483369
-0.363483369
-0.363483369
-0.363483369
-0.363483369
-0.363483369
-0.363483369
-0.363483369
-0.363483369
-0.363483369
-0.363483369
-0.363483369
-0.363483369
-0.363483369
-0.363483369
-0.363483369
-0.363483369
-0.363483369
-0.363483369
-0.363483369
-0.363483369
-0.363483369
-0.363483369
-0.363483369
-0.363483369
-0.363483369
-0.363483369
-0.363483369
-0.363483369
-0.363483369
-0.363483369
-0.363483369
-0.363483369
-0.363483369
-0.363483369
-0.363483369
-0.363483369
-0.363483369
-0.363483369
-0.363483369
-0.363483369
-0.363483369
-0.363483369
-0.363483369
-0.363483369
-0.363483369
-0.363483369
-0.363483369
-0.363483369
-0.363483369
-0.363483369
-0.363483369
-0.363483369
-0.363483369
-0.363483369
-0.363483369
-0.363483369
-0.363483369
-0.363483369
-0.363483369
-0.363483369
-0.363483369
-0.363483369
-0.363483369
-0.363483369
-0.363483369
-0.363483369
-0.363483369
-0.363483369
-0.363483369
-0.363483369
-0.363483369
-0.363483369
-0.363483369
-0.363483369
-0.363483369
-0.363483369
-0.363483369
-0.363483369
-0.363483369
-0.363483369
-0.363483369
-0.363483369
-0.363483369
-0.363483369
-0.363483369
-0.363483369
-0.363483369
-0.363483369
-0.363483369
-0.363483369
-0.363483369
-0.363483369
-0.363483369
-0.363483369
-0.363483369
-0.363483369
-0.363483369
-0.363483369
-0.363483369
-0.363483369
-0.363483369
-0.363483369
-0.363483369
-0.363483369
-0.363483369
-0.363483369
-0.363483369
-0.363483369
-0.363483369
-0.363483369
-0.363483369
-0.363483369
-0.363483369
-0.363483369
-0.363483369
-0.363483369
-0.363483369
-0.363483369
-0.363483369
-0.363483369
-0.363483369
