176
232
240
29
154
152
109
203
125
106
46
27
168
226
170
187
66
42
106
51
236
155
50
71
16
11
117
243
200
64
1
154
231
128
48
232
51
199
51
84
129
89
236
17
228
22
60
96
136
208
1
163
211
98
200
59
41
133
83
234
83
118
204
167
169
163
194
149
98
242
251
105
102
96
189
212
16
84
55
34
118
205
58
117
148
86
207
221
176
217
154
194
226
194
169
188
150
202
209
143
239
33
184
42
225
146
132
107
39
227
12
167
223
75
215
180
62
22
2
83
18
217
181
65
47
56
119
87
72
221
107
63
107
215
180
90
139
147
196
238
166
6
51
112
98
125
120
13
173
173
232
231
85
239
67
235
26
171
24
127
10
173
126
78
214
163
67
125
18
24
72
125
155
238
116
111
219
157
20
54
181
21
62
14
253
78
142
141
145
22
151
0
105
141
218
204
194
153
223
175
168
156
80
37
237
175
140
148
187
48
111
77
176
182
184
241
194
234
149
120
89
173
144
154
144
34
253
91
192
105
132
161
208
197
188
238
141
29
213
180
131
127
8
114
18
94
181
188
180
38
115
197
75
252
249
106
201
177
91
78
17
253
25
143
142
215
153
63
116
129
235
126
108
87
242
129
145
210
165
88
40
90
137
154
81
104
165
46
173
123
76
216
237
67
125
135
66
78
225
151
37
139
191
11
150
214
186
161
5
203
249
158
6
254
169
27
86
130
234
188
66
147
196
227
19
249
108
100
127
199
4
232
115
20
5
83
105
91
140
122
56
229
86
93
190
133
86
150
118
124
207
62
97
98
79
19
180
170
176
210
97
243
17
41
165
120
42
108
154
70
201
227
53
66
42
136
171
178
225
87
136
59
194
19
95
243
82
232
236
118
0
68
106
17
200
175
175
122
184
42
123
73
144
237
37
171
131
119
217
141
141
20
88
25
1
196
153
16
180
146
36
213
116
30
180
86
162
250
4
244
242
204
10
188
149
130
2
185
64
150
192
30
200
71
48
87
51
208
8
225
122
234
119
0
184
93
122
215
56
153
187
239
137
153
129
134
108
37
33
15
212
98
27
69
72
195
173
94
49
131
23
62
141
72
20
214
162
168
185
101
246
203
216
214
50
36
181
17
200
101
104
44
78
47
93
55
155
134
44
166
168
27
134
107
64
240
194
106
228
226
45
59
56
112
0
232
160
138
16
216
110
24
17
41
190
138
108
54
248
146
56
107
28
42
37
132
227
152
225
248
119
18
130
184
128
226
222
95
64
163
15
42
232
144
108
91
67
65
216
52
156
102
180
68
242
225
96
105
147
122
200
175
35
67
50
85
132
9
221
74
207
29
192
42
225
157
111
48
218
61
21
217
210
43
44
78
152
199
207
245
61
110
128
49
230
224
226
127
233
206
1
57
83
58
88
13
215
7
233
164
147
160
21
204
174
20
175
121
61
185
31
151
216
16
68
167
35
200
149
118
180
108
178
6
242
141
188
198
107
146
56
157
248
107
219
186
194
1
220
218
164
22
13
108
79
31
72
40
164
60
175
117
66
112
75
0
98
132
231
202
59
179
22
128
169
229
66
223
68
242
44
83
84
123
245
15
52
213
15
53
241
215
86
102
20
139
189
47
107
33
233
118
181
171
151
203
3
243
76
246
129
250
61
136
19
25
211
144
243
243
228
3
179
227
42
216
33
94
93
246
131
136
118
34
212
122
227
238
192
33
13
21
139
55
91
169
42
218
137
236
202
113
136
10
176
102
134
213
135
117
100
236
126
29
25
35
132
102
128
7
193
217
158
156
92
16
43
92
84
154
43
121
88
87
135
231
204
26
82
83
230
113
144
79
10
188
84
168
141
156
62
67
128
14
173
151
99
78
2
27
109
108
167
53
189
202
80
0
196
147
231
237
173
123
104
245
174
152
151
24
192
0
72
50
42
253
7
234
205
35
83
64
148
96
250
18
211
238
184
232
218
190
95
239
212
234
234
190
65
99
129
67
127
209
243
81
232
191
245
186
235
133
106
136
201
230
18
227
184
177
208
162
140
43
96
64
210
110
117
198
202
94
139
36
177
150
115
60
96
194
193
253
250
243
78
221
29
56
225
197
132
185
136
223
88
94
208
229
190
101
173
65
224
86
144
26
139
152
5
165
7
149
7
171
118
3
234
90
190
248
36
160
127
73
16
254
100
84
183
189
43
190
37
122
227
18
49
59
58
78
243
162
164
19
99
240
54
148
80
172
91
117
44
204
31
63
7
72
176
195
66
143
66
95
89
137
218
11
235
25
68
184
238
194
58
140
219
105
72
55
97
145
214
39
