180
247
248
252
243
193
247
109
61
122
157
243
240
203
22
188
169
45
90
189
231
42
175
182
29
227
66
193
49
187
135
137
230
82
96
229
168
35
131
210
89
125
243
9
27
105
15
210
69
249
150
18
23
135
210
191
55
74
138
167
206
42
54
70
24
40
126
63
55
44
100
0
58
224
140
100
222
150
150
188
66
72
95
218
53
236
59
164
4
191
3
99
31
179
217
250
155
165
161
84
156
33
51
59
98
208
159
114
39
234
194
226
41
27
142
49
50
71
160
131
204
112
42
232
224
104
159
233
110
226
247
4
136
162
108
20
185
169
18
77
136
210
53
179
108
16
169
109
145
109
229
220
121
89
180
6
193
149
227
179
51
193
217
50
249
184
85
48
153
107
106
87
36
131
51
173
237
117
194
5
131
40
190
129
159
6
70
53
207
199
214
196
155
223
10
89
164
58
235
93
225
74
179
190
220
93
92
253
245
67
0
19
32
67
199
181
50
187
176
130
94
248
66
34
193
128
181
207
197
208
29
176
56
128
249
18
254
228
211
107
2
189
185
54
150
34
188
157
131
92
115
192
57
165
40
199
63
187
108
143
228
159
96
248
88
83
179
78
9
32
107
151
136
50
153
78
201
99
203
131
62
12
129
191
59
79
142
161
62
46
25
115
94
107
108
82
81
226
71
110
34
8
157
102
80
91
94
153
197
115
79
98
254
50
220
204
171
208
44
162
7
66
109
216
7
129
81
37
174
246
42
202
72
162
92
95
220
107
37
168
38
162
103
140
92
85
186
132
25
163
219
56
46
153
24
181
146
146
57
0
237
85
105
5
40
144
150
8
36
234
155
119
124
199
61
193
61
97
166
101
99
48
228
167
200
96
66
14
153
152
62
167
1
5
45
117
190
65
218
82
201
69
200
27
193
128
175
228
125
243
251
165
89
144
187
6
6
12
58
245
97
162
120
147
112
112
59
210
163
127
131
220
116
212
210
137
141
90
118
114
145
68
29
151
1
206
41
131
175
208
246
94
200
225
165
146
172
182
29
109
182
111
209
115
110
165
92
42
84
48
101
113
36
94
86
132
27
143
29
173
130
115
24
135
166
58
254
66
208
77
103
201
222
2
59
198
200
183
212
190
194
100
125
6
27
252
250
251
15
190
2
202
96
189
125
74
238
74
214
185
16
22
26
155
145
187
238
244
23
183
200
177
249
132
216
57
236
204
128
145
145
50
188
241
96
161
115
137
251
119
1
178
16
101
122
130
93
202
229
174
142
172
186
121
151
122
218
83
208
57
156
117
102
68
18
28
64
165
182
71
52
120
189
84
163
134
125
97
213
140
59
176
171
199
46
142
163
190
76
231
100
63
130
234
54
113
162
25
82
20
253
100
244
23
65
96
135
135
118
147
184
133
100
227
178
142
0
202
152
200
61
152
231
229
169
103
107
90
124
206
241
187
59
247
159
200
188
242
248
15
28
58
200
116
38
53
251
64
43
166
34
97
175
74
174
12
73
151
178
166
250
127
233
54
29
234
26
145
113
234
22
150
12
250
7
156
44
28
233
39
211
144
180
130
127
194
94
150
66
163
149
47
111
242
69
191
112
96
14
42
146
139
148
69
225
120
169
42
164
82
228
112
53
247
61
96
7
42
220
113
80
137
130
148
97
185
166
31
166
228
65
190
0
75
15
75
208
10
160
175
150
93
254
17
105
153
54
150
95
180
205
159
181
214
222
123
9
194
226
214
86
248
160
118
99
186
66
223
98
227
33
182
57
90
30
211
156
134
152
45
70
212
245
160
159
233
206
13
47
178
145
124
90
237
93
168
149
210
44
225
102
184
141
246
197
87
85
164
193
177
96
124
20
17
155
251
55
188
82
228
188
244
246
59
185
248
247
227
203
37
226
78
127
1
152
28
183
143
50
231
58
191
80
76
244
14
78
142
80
13
75
55
208
90
222
179
144
69
149
86
229
155
206
82
0
163
22
29
248
57
165
97
228
189
242
234
51
29
68
91
120
85
76
29
238
175
2
115
23
37
139
190
145
98
220
83
106
122
70
252
185
158
135
11
71
166
49
54
239
144
22
137
78
183
186
84
97
128
94
103
75
84
37
200
108
22
171
149
163
226
119
202
115
57
73
132
41
44
39
32
231
212
123
76
147
44
2
78
129
171
217
129
16
243
212
76
234
229
73
179
130
68
42
161
247
103
64
99
144
21
17
56
74
167
21
113
172
99
85
200
55
249
5
184
193
253
53
157
197
205
101
11
76
226
228
8
238
243
209
131
18
111
68
18
149
118
193
66
134
111
90
160
229
221
