7
6
253
114
50
82
68
36
246
6
94
254
50
34
11
159
87
237
99
11
113
43
132
21
104
116
253
69
60
114
215
246
30
131
244
77
86
9
1
103
122
158
245
197
87
15
44
10
224
186
28
227
189
179
18
248
9
117
173
15
23
231
5
222
34
124
235
168
42
111
78
168
88
9
110
98
148
134
81
14
213
29
166
78
198
135
112
222
89
161
99
33
206
137
230
194
8
240
252
101
48
81
161
65
155
169
31
32
69
52
92
206
221
57
184
128
133
130
217
49
13
28
41
66
243
56
143
91
126
119
150
135
125
10
63
30
79
230
20
224
51
69
150
224
98
24
215
238
130
195
207
189
118
112
134
10
55
108
36
11
10
137
85
217
38
214
170
66
120
73
150
63
156
29
149
85
10
22
190
26
86
141
26
136
251
238
66
122
91
199
156
233
213
108
82
17
147
87
127
179
178
66
116
12
89
165
80
64
230
163
5
92
106
39
124
68
179
209
13
122
164
240
222
60
24
143
35
223
7
47
254
208
252
83
39
44
86
220
158
231
227
111
118
129
121
137
172
17
254
1
142
240
176
48
205
215
46
160
24
49
221
248
104
224
239
82
76
205
2
215
21
31
249
56
216
81
102
238
212
40
61
183
49
78
31
164
64
71
146
160
217
30
24
151
129
191
25
238
149
105
99
174
9
35
192
71
171
192
164
27
54
138
227
186
30
249
13
158
175
96
102
16
75
157
65
43
201
178
163
222
230
136
5
17
68
40
103
98
30
178
52
166
21
100
106
181
253
108
243
73
80
79
68
31
112
157
254
28
166
240
176
253
64
171
241
39
180
148
34
87
45
15
36
193
13
45
144
0
140
25
151
216
204
106
8
79
52
233
97
140
23
139
199
13
246
156
216
86
116
112
1
226
84
246
149
171
33
252
188
116
153
41
11
195
183
249
208
190
170
159
90
187
171
232
121
187
59
203
253
224
144
136
57
131
68
28
150
121
168
128
83
69
245
95
130
215
157
126
47
21
137
242
207
17
60
31
104
238
73
221
38
179
131
109
63
70
100
182
252
178
12
244
210
200
70
229
117
241
61
186
43
165
251
157
97
211
90
4
54
84
113
206
21
109
175
205
234
15
120
191
174
229
52
27
28
180
73
49
123
247
12
25
126
22
146
95
183
240
243
141
49
23
203
205
251
134
196
227
116
144
141
231
231
190
243
149
85
110
234
188
188
132
15
59
74
127
118
248
73
55
194
192
91
108
235
224
231
200
220
234
233
32
60
93
212
201
114
57
68
151
94
87
33
118
205
28
13
1
205
191
96
194
4
61
107
26
100
35
164
133
64
156
96
139
49
212
108
205
25
243
114
68
81
124
76
209
100
215
153
42
62
158
220
184
172
146
219
124
240
25
208
7
90
172
104
123
170
15
165
84
52
161
119
99
227
195
54
186
223
135
0
163
178
240
171
111
57
171
23
63
228
205
70
221
242
100
9
244
254
112
30
142
14
238
81
152
178
136
161
120
65
75
126
202
138
203
50
121
191
15
25
164
228
233
88
250
192
254
119
239
153
75
60
191
136
81
53
190
243
5
241
10
105
190
202
16
163
10
236
138
216
183
34
204
94
129
222
143
234
109
125
37
215
163
175
100
10
156
236
84
100
182
170
145
82
166
180
239
21
161
29
92
189
38
8
249
82
79
34
231
213
234
1
243
105
166
103
156
31
253
176
204
223
250
74
159
7
252
110
200
176
216
190
133
27
144
109
207
180
187
144
208
0
101
202
127
113
150
124
113
87
39
46
178
115
86
206
37
207
1
70
70
31
135
234
222
230
218
116
237
222
191
228
152
23
48
147
17
13
164
249
54
35
65
148
29
237
134
198
219
134
143
81
84
165
125
22
166
46
173
81
99
128
100
107
27
133
196
3
77
217
99
28
184
95
63
100
161
153
110
147
247
97
96
3
45
253
74
204
113
217
40
152
201
45
211
105
202
192
171
33
101
147
14
165
124
170
251
51
216
58
210
93
169
157
23
144
223
171
205
175
174
85
23
212
190
219
235
114
157
97
79
154
186
163
152
131
92
176
61
254
67
104
219
37
217
56
60
40
201
170
195
61
116
35
239
55
46
85
117
113
68
138
109
188
43
65
127
169
9
19
215
112
42
84
166
123
30
118
100
194
242
204
69
215
55
180
108
223
113
79
87
139
211
200
70
102
216
166
16
76
71
221
98
219
243
143
106
140
2
37
153
23
83
14
104
69
41
233
243
242
39
48
96
228
158
107
199
152
18
216
192
102
124
80
179
236
22
104
241
23
55
200
42
