17.376674422
7.23283300387
17.2215814798
16.897764115
3.34920268022
13.8187696717
5.25987472125
5.66067892463
7.84455175529
30.4341825587
10.90931688
13.282447686
17.5120331134
20.3290528005
19.8517135313
6.33787577818
20.9946428602
10.4586956558
9.05447048932
8.32285317077
25.8722966927
-0.290646914559
28.8296116171
-1.15890123378
8.80940117883
19.5982125922
6.54701502371
19.3902736869
12.5195846964
13.8746927722
11.4016151164
0.125289399737
11.1380082799
2.89242840039
11.8136942574
5.1002519699
