-0.363483369
-0.363483369
-0.363483369
-0.363483369
-0.363483369
-0.363483369
-0.363483369
-0.363483369
-0.363483369
-0.363483369
-0.363483369
-0.363483369
-0.363483369
-0.363483369
-0.363483369
-0.363483369
-0.363483369
-0.363483369
-0.363483369
-0.363483369
-0.363483369
-0.363483369
-0.363483369
-0.363483369
-0.363483369
-0.363483369
-0.363483369
-0.363483369
-0.363483369
-0.363483369
-0.363483369
-0.363483369
-0.363483369
-0.363483369
-0.363483369
-0.363483369
-0.363483369
-0.363483369
-0.363483369
-0.363483369
-0.363483369
-0.363483369
-0.363483369
-0.363483369
-0.363483369
-0.363483369
-0.363483369
-0.363483369
-0.363483369
-0.363483369
-0.363483369
-0.363483369
-0.363483369
-0.363483369
-0.363483369
-0.363483369
-0.363483369
-0.363483369
-0.363483369
-0.363483369
-0.363483369
-0.363483369
-0.363483369
-0.363483369
-0.363483369
-0.363483369
-0.363483369
-0.363483369
-0.363483369
-0.363483369
-0.363483369
-0.363483369
-0.363483369
-0.363483369
-0.363483369
-0.363483369
-0.363483369
-0.363483369
-0.363483369
-0.363483369
-0.363483369
-0.363483369
-0.363483369
-0.363483369
-0.363483369
-0.363483369
-0.363483369
-0.363483369
-0.363483369
-0.363483369
-0.363483369
-0.363483369
-0.363483369
-0.363483369
-0.363483369
-0.363483369
-0.363483369
-0.363483369
-0.363483369
-0.363483369
-0.363483369
-0.363483369
-0.363483369
-0.363483369
-0.363483369
-0.363483369
-0.363483369
-0.363483369
-0.363483369
-0.363483369
-0.363483369
-0.363483369
-0.363483369
-0.363483369
-0.363483369
-0.363483369
-0.363483369
-0.363483369
-0.363483369
-0.363483369
-0.363483369
-0.363483369
-0.363483369
-0.363483369
-0.363483369
-0.363483369
-0.363483369
-0.363483369
-0.363483369
-0.363483369
-0.363483369
-0.363483369
-0.363483369
-0.363483369
-0.363483369
-0.363483369
-0.363483369
-0.363483369
-0.363483369
-0.363483369
-0.363483369
-0.363483369
-0.363483369
-0.363483369
-0.363483369
-0.363483369
-0.363483369
-0.363483369
-0.363483369
-0.363483369
-0.363483369
-0.363483369
-0.363483369
-0.363483369
-0.363483369
-0.363483369
-0.363483369
-0.363483369
-0.363483369
-0.363483369
-0.363483369
-0.363483369
-0.363483369
-0.363483369
-0.363483369
-0.363483369
-0.363483369
-0.363483369
-0.363483369
-0.363483369
-0.363483369
-0.363483369
-0.363483369
-0.363483369
-0.363483369
-0.363483369
-0.363483369
-0.363483369
-0.363483369
-0.363483369
-0.363483369
-0.363483369
-0.363483369
-0.363483369
-0.363483369
-0.363483369
-0.363483369
-0.363483369
-0.363483369
-0.363483369
-0.363483369
-0.363483369
-0.363483369
-0.363483369
-0.363483369
-0.363483369
-0.363483369
-0.363483369
-0.363483369
-0.363483369
-0.363483369
-0.363483369
-0.363483369
-0.363483369
-0.363483369
-0.363483369
-0.363483369
-0.363483369
-0.363483369
-0.363483369
-0.363483369
-0.363483369
-0.363483369
-0.363483369
-0.363483369
-0.363483369
-0.363483369
-0.363483369
-0.363483369
-0.363483369
-0.363483369
-0.363483369
-0.363483369
-0.363483369
-0.363483369
-0.363483369
-0.363483369
-0.363483369
-0.363483369
-0.363483369
-0.363483369
-0.363483369
-0.363483369
-0.363483369
-0.363483369
-0.363483369
-0.363483369
-0.363483369
-0.363483369
-0.363483369
-0.363483369
-0.363483369
-0.363483369
-0.363483369
-0.363483369
-0.363483369
-0.363483369
-0.363483369
-0.363483369
-0.363483369
-0.363483369
-0.363483369
-0.363483369
-0.363483369
-0.363483369
-0.363483369
-0.363483369
-0.363483369
-0.363483369
-0.363483369
-0.363483369
-0.363483369
-0.363483369
-0.363483369
-0.363483369
-0.363483369
-0.363483369
-0.363483369
-0.363483369
-0.363483369
-0.363483369
-0.363483369
-0.363483369
-0.363483369
-0.363483369
-0.363483369
-0.363483369
-0.363483369
-0.363483369
-0.363483369
-0.363483369
-0.363483369
-0.363483369
-0.363483369
-0.363483369
-0.363483369
-0.363483369
-0.363483369
-0.363483369
-0.363483369
-0.363483369
-0.363483369
-0.363483369
-0.363483369
-0.363483369
-0.363483369
-0.363483369
-0.363483369
-0.363483369
-0.363483369
-0.363483369
-0.363483369
-0.363483369
-0.363483369
-0.363483369
-0.363483369
-0.363483369
-0.363483369
-0.363483369
-0.363483369
-0.363483369
-0.363483369
-0.363483369
-0.363483369
-0.363483369
-0.363483369
-0.363483369
-0.363483369
-0.363483369
-0.363483369
-0.363483369
-0.363483369
-0.363483369
-0.363483369
-0.363483369
-0.306487411
2.44356728
3.27000856
3.27000856
1.94485271
-0.363483369
-0.363483369
-0.363483369
-0.363483369
-0.363483369
-0.363483369
-0.334985375
-0.26374045
0.334717035
1.48888505
1.48888505
3.09902072
3.25575948
0.762186646
-0.349234372
-0.363483369
-0.363483369
-0.363483369
-0.363483369
-0.363483369
-0.363483369
-0.363483369
-0.363483369
-0.363483369
-0.363483369
-0.363483369
-0.363483369
0.605447829
3.24151063
3.24151063
3.24151063
3.04202461
1.33214617
-0.206744492
-0.320736408
-0.306487411
0.120982222
1.57437897
2.07309365
3.24151063
3.24151063
3.24151063
3.24151063
3.24151063
3.24151063
3.24151063
-0.292238414
-0.363483369
-0.363483369
-0.363483369
-0.363483369
-0.363483369
-0.363483369
-0.363483369
-0.363483369
-0.363483369
-0.363483369
-0.363483369
-0.363483369
-0.277989447
3.12751865
3.24151063
3.24151063
3.24151063
3.24151063
2.97077966
1.97335064
2.13008952
2.05884457
3.24151063
3.24151063
3.24151063
3.24151063
3.24151063
3.24151063
3.24151063
3.24151063
2.30107737
-0.320736408
-0.363483369
-0.363483369
-0.363483369
-0.363483369
-0.363483369
-0.363483369
-0.363483369
-0.363483369
-0.363483369
-0.363483369
-0.363483369
-0.363483369
-0.363483369
0.534202874
3.08477163
3.24151063
3.24151063
3.24151063
3.24151063
3.24151063
3.24151063
3.24151063
3.24151063
3.14176774
2.88528585
2.88528585
1.38914216
2.99927783
3.24151063
3.24151063
0.534202874
-0.363483369
-0.363483369
-0.363483369
-0.363483369
-0.363483369
-0.363483369
-0.363483369
-0.363483369
-0.363483369
-0.363483369
-0.363483369
-0.363483369
-0.363483369
-0.363483369
-0.363483369
0.434459955
1.04716647
2.17283654
3.24151063
3.24151063
3.24151063
3.24151063
2.70004892
1.04716647
0.633945763
-0.363483369
-0.363483369
-0.19249551
2.87103677
3.24151063
3.24151063
-0.19249551
-0.363483369
-0.363483369
-0.363483369
-0.363483369
-0.363483369
-0.363483369
-0.363483369
-0.363483369
-0.363483369
-0.363483369
-0.363483369
-0.363483369
-0.363483369
-0.363483369
-0.363483369
-0.363483369
-0.363483369
-0.19249551
0.961672485
0.961672485
0.961672485
0.961672485
0.633945763
-0.363483369
-0.363483369
-0.363483369
-0.363483369
2.0873425
3.24151063
3.24151063
2.22983241
-0.292238414
-0.363483369
-0.363483369
-0.363483369
-0.363483369
-0.363483369
-0.363483369
-0.363483369
-0.363483369
-0.363483369
-0.363483369
-0.363483369
-0.363483369
-0.363483369
-0.363483369
-0.363483369
-0.363483369
-0.363483369
-0.363483369
-0.363483369
-0.363483369
-0.363483369
-0.363483369
-0.363483369
-0.363483369
-0.363483369
-0.363483369
0.462957919
3.07052279
3.24151063
3.24151063
0.491455913
-0.363483369
-0.363483369
-0.363483369
-0.363483369
-0.363483369
-0.363483369
-0.363483369
-0.363483369
-0.363483369
-0.363483369
-0.363483369
-0.363483369
-0.363483369
-0.363483369
-0.363483369
-0.363483369
-0.363483369
-0.363483369
-0.363483369
-0.363483369
-0.363483369
-0.363483369
-0.363483369
-0.363483369
-0.363483369
-0.363483369
-0.363483369
0.890427589
3.24151063
3.24151063
2.21558332
-0.277989447
-0.363483369
-0.363483369
-0.363483369
-0.363483369
-0.363483369
-0.363483369
-0.363483369
-0.363483369
-0.363483369
-0.363483369
-0.363483369
-0.363483369
-0.363483369
-0.363483369
-0.363483369
-0.363483369
-0.363483369
-0.363483369
-0.363483369
-0.363483369
-0.363483369
-0.363483369
-0.363483369
-0.363483369
-0.363483369
-0.363483369
-0.363483369
2.13008952
3.24151063
3.24151063
1.3606441
-0.363483369
-0.363483369
-0.363483369
-0.363483369
-0.363483369
-0.363483369
-0.363483369
-0.363483369
-0.363483369
-0.363483369
-0.363483369
-0.363483369
-0.363483369
-0.363483369
-0.363483369
-0.363483369
-0.363483369
-0.363483369
-0.363483369
-0.363483369
-0.363483369
-0.363483369
-0.363483369
-0.363483369
-0.363483369
-0.363483369
-0.363483369
0.491455913
3.08477163
3.24151063
2.89953494
-0.10700158
-0.363483369
-0.363483369
-0.363483369
-0.363483369
-0.363483369
-0.363483369
-0.363483369
-0.363483369
-0.363483369
-0.363483369
-0.363483369
-0.363483369
-0.363483369
-0.363483369
-0.363483369
-0.363483369
-0.363483369
-0.363483369
-0.363483369
-0.363483369
-0.363483369
-0.363483369
-0.363483369
-0.363483369
-0.363483369
-0.363483369
-0.363483369
2.13008952
3.24151063
3.24151063
1.3606441
-0.363483369
-0.363483369
-0.363483369
-0.363483369
-0.363483369
-0.363483369
-0.363483369
-0.363483369
-0.363483369
-0.363483369
-0.363483369
-0.363483369
-0.363483369
-0.363483369
-0.363483369
-0.363483369
-0.363483369
-0.363483369
-0.363483369
-0.363483369
-0.363483369
-0.363483369
-0.363483369
-0.363483369
-0.363483369
-0.363483369
-0.363483369
-0.0500056334
2.75704503
3.24151063
3.24151063
0.0639862716
-0.363483369
-0.363483369
-0.363483369
-0.363483369
-0.363483369
-0.363483369
-0.363483369
-0.363483369
-0.363483369
-0.363483369
-0.363483369
-0.363483369
-0.363483369
-0.363483369
-0.363483369
-0.363483369
-0.363483369
-0.363483369
-0.363483369
-0.363483369
-0.363483369
-0.363483369
-0.363483369
-0.363483369
-0.363483369
-0.363483369
-0.363483369
0.705190718
3.24151063
3.24151063
2.82828999
-0.0642546192
-0.363483369
-0.363483369
-0.363483369
-0.363483369
-0.363483369
-0.363483369
-0.363483369
-0.363483369
-0.363483369
-0.363483369
-0.363483369
-0.363483369
-0.363483369
-0.363483369
-0.363483369
-0.363483369
-0.363483369
-0.363483369
-0.363483369
-0.363483369
-0.363483369
-0.363483369
-0.363483369
-0.363483369
-0.363483369
-0.363483369
-0.363483369
2.17283654
3.24151063
3.24151063
1.3178972
-0.363483369
-0.363483369
-0.363483369
-0.363483369
-0.363483369
-0.363483369
-0.363483369
-0.363483369
-0.363483369
-0.363483369
-0.363483369
-0.363483369
-0.363483369
-0.363483369
-0.363483369
-0.363483369
-0.363483369
-0.363483369
-0.363483369
-0.363483369
-0.363483369
-0.363483369
-0.363483369
-0.363483369
-0.363483369
-0.363483369
-0.363483369
0.477206916
3.12751865
3.24151063
2.78554296
-0.0357566439
-0.363483369
-0.363483369
-0.363483369
-0.363483369
-0.363483369
-0.363483369
-0.363483369
-0.363483369
-0.363483369
-0.363483369
-0.363483369
-0.363483369
-0.363483369
-0.363483369
-0.363483369
-0.363483369
-0.363483369
-0.363483369
-0.363483369
-0.363483369
-0.363483369
-0.363483369
-0.363483369
-0.363483369
-0.363483369
-0.363483369
-0.363483369
-0.235242471
2.55755901
3.24151063
3.09902072
0.0924842432
-0.363483369
-0.363483369
-0.363483369
-0.363483369
-0.363483369
-0.363483369
-0.363483369
-0.363483369
-0.363483369
-0.363483369
-0.363483369
-0.363483369
-0.363483369
-0.363483369
-0.363483369
-0.363483369
-0.363483369
-0.363483369
-0.363483369
-0.363483369
-0.363483369
-0.363483369
-0.363483369
-0.363483369
-0.363483369
-0.363483369
-0.363483369
-0.363483369
2.47206521
3.24151063
3.24151063
0.163729191
-0.363483369
-0.363483369
-0.363483369
-0.363483369
-0.363483369
-0.363483369
-0.363483369
-0.363483369
-0.363483369
-0.363483369
-0.363483369
-0.363483369
-0.363483369
-0.363483369
-0.363483369
-0.363483369
-0.363483369
-0.363483369
-0.363483369
-0.363483369
-0.363483369
-0.363483369
-0.363483369
-0.363483369
-0.363483369
-0.363483369
-0.363483369
0.548451841
3.18451452
3.24151063
3.24151063
0.163729191
-0.363483369
-0.363483369
-0.363483369
-0.363483369
-0.363483369
-0.363483369
-0.363483369
-0.363483369
-0.363483369
-0.363483369
-0.363483369
-0.363483369
-0.363483369
-0.363483369
-0.363483369
-0.363483369
-0.363483369
-0.363483369
-0.363483369
-0.363483369
-0.363483369
-0.363483369
-0.363483369
-0.363483369
-0.363483369
-0.363483369
-0.363483369
0.619696796
3.24151063
3.24151063
3.24151063
1.03291738
-0.363483369
-0.363483369
-0.363483369
-0.363483369
-0.363483369
-0.363483369
-0.363483369
-0.363483369
-0.363483369
-0.363483369
-0.363483369
-0.363483369
-0.363483369
-0.363483369
-0.363483369
-0.363483369
-0.363483369
-0.363483369
-0.363483369
-0.363483369
-0.363483369
-0.363483369
-0.363483369
-0.363483369
-0.363483369
-0.363483369
-0.363483369
-0.334985375
2.4863143
3.24151063
1.77386475
-0.0927525982
-0.363483369
-0.363483369
-0.363483369
-0.363483369
-0.363483369
-0.363483369
-0.363483369
-0.363483369
-0.363483369
-0.363483369
-0.363483369
-0.363483369
-0.363483369
-0.363483369
-0.363483369
-0.363483369
-0.363483369
-0.363483369
-0.363483369
-0.363483369
-0.363483369
-0.363483369
-0.363483369
-0.363483369
-0.363483369
-0.363483369
-0.363483369
-0.363483369
-0.363483369
-0.363483369
-0.363483369
-0.363483369
-0.363483369
-0.363483369
-0.363483369
-0.363483369
-0.363483369
-0.363483369
-0.363483369
-0.363483369
-0.363483369
-0.363483369
-0.363483369
-0.363483369
-0.363483369
-0.363483369
-0.363483369
-0.363483369
-0.363483369
-0.363483369
-0.363483369
-0.363483369
-0.363483369
-0.363483369
-0.363483369
-0.363483369
-0.363483369
-0.363483369
-0.363483369
-0.363483369
-0.363483369
-0.363483369
-0.363483369
-0.363483369
-0.363483369
-0.363483369
-0.363483369
-0.363483369
-0.363483369
-0.363483369
-0.363483369
-0.363483369
-0.363483369
-0.363483369
-0.363483369
-0.363483369
