-0.363483369
-0.363483369
-0.363483369
-0.363483369
-0.363483369
-0.363483369
-0.363483369
-0.363483369
-0.363483369
-0.363483369
-0.363483369
-0.363483369
-0.363483369
-0.363483369
-0.363483369
-0.363483369
-0.363483369
-0.363483369
-0.363483369
-0.363483369
-0.363483369
-0.363483369
-0.363483369
-0.363483369
-0.363483369
-0.363483369
-0.363483369
-0.363483369
-0.363483369
-0.363483369
-0.363483369
-0.363483369
-0.363483369
-0.363483369
-0.363483369
-0.363483369
-0.363483369
-0.363483369
-0.363483369
-0.363483369
-0.363483369
-0.363483369
-0.363483369
-0.363483369
-0.363483369
-0.363483369
-0.363483369
-0.363483369
-0.363483369
-0.363483369
-0.363483369
-0.363483369
-0.363483369
-0.363483369
-0.363483369
-0.363483369
-0.363483369
-0.363483369
-0.363483369
-0.363483369
-0.363483369
-0.363483369
-0.363483369
-0.363483369
-0.363483369
-0.363483369
-0.363483369
-0.363483369
-0.363483369
-0.363483369
-0.363483369
-0.363483369
-0.363483369
-0.363483369
-0.363483369
-0.363483369
-0.363483369
-0.363483369
-0.363483369
-0.363483369
-0.363483369
-0.363483369
-0.363483369
-0.363483369
-0.363483369
-0.363483369
-0.363483369
-0.363483369
-0.363483369
-0.363483369
-0.363483369
-0.363483369
-0.363483369
-0.363483369
-0.363483369
-0.363483369
-0.363483369
-0.363483369
-0.363483369
-0.363483369
-0.363483369
-0.363483369
-0.363483369
-0.363483369
-0.363483369
-0.363483369
-0.363483369
-0.363483369
-0.363483369
-0.363483369
-0.363483369
-0.363483369
-0.363483369
-0.363483369
-0.363483369
-0.363483369
-0.363483369
-0.363483369
-0.363483369
-0.363483369
-0.363483369
-0.363483369
-0.363483369
-0.363483369
-0.363483369
-0.363483369
-0.363483369
-0.363483369
-0.363483369
-0.363483369
-0.363483369
-0.363483369
-0.363483369
-0.363483369
-0.363483369
-0.363483369
-0.363483369
-0.363483369
-0.363483369
-0.363483369
-0.363483369
-0.363483369
-0.363483369
-0.363483369
-0.363483369
-0.363483369
-0.363483369
-0.363483369
-0.363483369
-0.363483369
-0.363483369
-0.363483369
-0.363483369
-0.363483369
-0.363483369
-0.363483369
-0.363483369
-0.363483369
-0.363483369
-0.363483369
-0.363483369
-0.363483369
-0.363483369
-0.363483369
-0.363483369
-0.363483369
-0.363483369
-0.363483369
-0.363483369
-0.363483369
-0.363483369
-0.363483369
-0.363483369
-0.363483369
-0.363483369
-0.363483369
-0.363483369
-0.363483369
-0.363483369
-0.363483369
-0.363483369
-0.363483369
-0.363483369
-0.363483369
-0.363483369
-0.363483369
-0.363483369
-0.363483369
-0.363483369
-0.363483369
-0.363483369
-0.363483369
-0.363483369
-0.363483369
-0.363483369
-0.363483369
-0.363483369
-0.363483369
-0.363483369
-0.363483369
-0.363483369
-0.363483369
-0.363483369
-0.363483369
-0.363483369
-0.363483369
-0.363483369
-0.363483369
-0.363483369
-0.363483369
-0.363483369
-0.363483369
-0.363483369
-0.363483369
-0.363483369
-0.363483369
-0.363483369
-0.363483369
-0.363483369
-0.363483369
-0.363483369
-0.363483369
-0.363483369
-0.363483369
-0.363483369
-0.363483369
-0.363483369
-0.363483369
-0.363483369
-0.363483369
-0.363483369
-0.363483369
-0.363483369
-0.363483369
-0.363483369
-0.363483369
-0.363483369
-0.363483369
-0.363483369
-0.363483369
-0.363483369
-0.363483369
-0.363483369
-0.363483369
-0.363483369
-0.363483369
-0.363483369
-0.363483369
-0.363483369
-0.363483369
-0.363483369
-0.363483369
-0.363483369
-0.363483369
-0.363483369
-0.363483369
-0.363483369
-0.363483369
-0.363483369
-0.363483369
-0.363483369
-0.363483369
-0.363483369
-0.363483369
-0.363483369
-0.363483369
-0.363483369
-0.363483369
-0.363483369
-0.363483369
-0.363483369
-0.363483369
-0.363483369
-0.363483369
-0.363483369
0.420210958
3.01352668
1.93060362
-0.363483369
-0.363483369
-0.363483369
-0.363483369
-0.363483369
-0.363483369
-0.363483369
-0.363483369
-0.363483369
-0.363483369
-0.363483369
-0.363483369
-0.363483369
-0.363483369
-0.363483369
-0.363483369
-0.363483369
-0.363483369
-0.363483369
-0.363483369
-0.363483369
0.249223113
0.00699031958
-0.363483369
-0.363483369
-0.363483369
-0.363483369
-0.363483369
-0.363483369
1.6028769
3.24151063
1.91635466
-0.363483369
-0.363483369
-0.363483369
-0.363483369
-0.363483369
-0.363483369
-0.363483369
-0.363483369
-0.363483369
-0.363483369
-0.363483369
-0.363483369
-0.363483369
-0.363483369
-0.363483369
-0.363483369
-0.363483369
-0.363483369
-0.363483369
-0.363483369
0.448708951
3.18451452
2.67155099
-0.363483369
-0.363483369
-0.363483369
-0.363483369
-0.363483369
-0.363483369
2.20133448
3.24151063
0.847680569
-0.363483369
-0.363483369
-0.363483369
-0.363483369
-0.363483369
-0.363483369
-0.363483369
-0.363483369
-0.363483369
-0.363483369
-0.363483369
-0.363483369
-0.363483369
-0.363483369
-0.363483369
-0.363483369
-0.363483369
-0.363483369
-0.363483369
-0.363483369
0.633945763
3.24151063
2.91378379
-0.363483369
-0.363483369
-0.363483369
-0.363483369
-0.363483369
0.00699031958
3.04202461
2.99927783
-0.0927525982
-0.363483369
-0.363483369
-0.363483369
-0.363483369
-0.363483369
-0.363483369
-0.363483369
-0.363483369
-0.363483369
-0.363483369
-0.363483369
-0.363483369
-0.363483369
-0.363483369
-0.363483369
-0.363483369
-0.363483369
-0.363483369
-0.363483369
-0.363483369
0.990170479
3.25575948
2.91378379
-0.363483369
-0.363483369
-0.363483369
-0.363483369
-0.363483369
0.990170479
3.25575948
2.07309365
-0.363483369
-0.363483369
-0.363483369
-0.363483369
-0.363483369
-0.363483369
-0.363483369
-0.363483369
-0.363483369
-0.363483369
-0.363483369
-0.363483369
-0.363483369
-0.363483369
-0.363483369
-0.363483369
-0.363483369
-0.363483369
-0.363483369
-0.363483369
-0.363483369
1.93060362
3.24151063
2.18708539
-0.363483369
-0.363483369
-0.363483369
-0.363483369
-0.363483369
1.93060362
3.24151063
1.58862793
-0.363483369
-0.363483369
-0.363483369
-0.363483369
-0.363483369
-0.363483369
-0.363483369
-0.363483369
-0.363483369
-0.363483369
-0.363483369
-0.363483369
-0.363483369
-0.363483369
-0.363483369
-0.363483369
-0.363483369
-0.363483369
-0.363483369
-0.363483369
-0.363483369
2.52906108
3.24151063
1.47463608
-0.363483369
-0.363483369
-0.363483369
-0.363483369
-0.363483369
1.93060362
3.24151063
1.47463608
-0.363483369
-0.363483369
-0.363483369
-0.363483369
-0.363483369
-0.363483369
-0.363483369
-0.363483369
-0.363483369
-0.363483369
-0.363483369
-0.363483369
-0.363483369
-0.363483369
-0.363483369
-0.363483369
-0.363483369
-0.363483369
-0.363483369
-0.363483369
-0.363483369
3.25575948
3.24151063
0.291970074
-0.363483369
-0.363483369
-0.363483369
-0.363483369
-0.363483369
2.41506934
3.24151063
1.37489319
0.477206916
-0.363483369
-0.363483369
-0.363483369
-0.363483369
-0.363483369
-0.363483369
-0.363483369
-0.363483369
-0.363483369
-0.363483369
-0.363483369
-0.363483369
-0.363483369
-0.363483369
-0.363483369
-0.363483369
-0.363483369
-0.363483369
-0.363483369
-0.363483369
3.27000856
3.25575948
2.64305305
1.93060362
1.94485271
1.93060362
1.93060362
1.93060362
3.25575948
3.25575948
3.25575948
1.93060362
-0.363483369
-0.363483369
-0.363483369
-0.363483369
-0.363483369
-0.363483369
-0.363483369
-0.363483369
-0.363483369
-0.363483369
-0.363483369
-0.363483369
-0.363483369
-0.363483369
-0.363483369
-0.363483369
-0.363483369
-0.363483369
-0.363483369
-0.363483369
1.34639513
3.24151063
3.24151063
3.24151063
3.25575948
3.24151063
3.24151063
3.24151063
3.25575948
3.11326957
2.45781612
0.676692724
-0.363483369
-0.363483369
-0.363483369
-0.363483369
-0.363483369
-0.363483369
-0.363483369
-0.363483369
-0.363483369
-0.363483369
-0.363483369
-0.363483369
-0.363483369
-0.363483369
-0.363483369
-0.363483369
-0.363483369
-0.363483369
-0.363483369
-0.363483369
-0.178246528
0.291970074
0.890427589
1.58862793
1.6028769
0.40596199
0.40596199
2.78554296
3.25575948
1.50313401
-0.363483369
-0.363483369
-0.363483369
-0.363483369
-0.363483369
-0.363483369
-0.363483369
-0.363483369
-0.363483369
-0.363483369
-0.363483369
-0.363483369
-0.363483369
-0.363483369
-0.363483369
-0.363483369
-0.363483369
-0.363483369
-0.363483369
-0.363483369
-0.363483369
-0.363483369
-0.363483369
-0.363483369
-0.363483369
-0.363483369
-0.363483369
-0.363483369
-0.235242471
2.61455512
3.25575948
0.320468038
-0.363483369
-0.363483369
-0.363483369
-0.363483369
-0.363483369
-0.363483369
-0.363483369
-0.363483369
-0.363483369
-0.363483369
-0.363483369
-0.363483369
-0.363483369
-0.363483369
-0.363483369
-0.363483369
-0.363483369
-0.363483369
-0.363483369
-0.363483369
-0.363483369
-0.363483369
-0.363483369
-0.363483369
-0.363483369
-0.363483369
-0.363483369
-0.363483369
-0.0215076562
3.25575948
2.62880397
-0.235242471
-0.363483369
-0.363483369
-0.363483369
-0.363483369
-0.363483369
-0.363483369
-0.363483369
-0.363483369
-0.363483369
-0.363483369
-0.363483369
-0.363483369
-0.363483369
-0.363483369
-0.363483369
-0.363483369
-0.363483369
-0.363483369
-0.363483369
-0.363483369
-0.363483369
-0.363483369
-0.363483369
-0.363483369
-0.363483369
-0.363483369
-0.363483369
-0.363483369
1.87360775
3.24151063
1.54588103
-0.363483369
-0.363483369
-0.363483369
-0.363483369
-0.363483369
-0.363483369
-0.363483369
-0.363483369
-0.363483369
-0.363483369
-0.363483369
-0.363483369
-0.363483369
-0.363483369
-0.363483369
-0.363483369
-0.363483369
-0.363483369
-0.363483369
-0.363483369
-0.363483369
-0.363483369
-0.363483369
-0.363483369
-0.363483369
-0.363483369
-0.363483369
-0.363483369
-0.363483369
2.58605719
3.24151063
0.833431602
-0.363483369
-0.363483369
-0.363483369
-0.363483369
-0.363483369
-0.363483369
-0.363483369
-0.363483369
-0.363483369
-0.363483369
-0.363483369
-0.363483369
-0.363483369
-0.363483369
-0.363483369
-0.363483369
-0.363483369
-0.363483369
-0.363483369
-0.363483369
-0.363483369
-0.363483369
-0.363483369
-0.363483369
-0.363483369
-0.363483369
-0.363483369
-0.363483369
-0.12125057
2.82828999
2.75704503
-0.363483369
-0.363483369
-0.363483369
-0.363483369
-0.363483369
-0.363483369
-0.363483369
-0.363483369
-0.363483369
-0.363483369
-0.363483369
-0.363483369
-0.363483369
-0.363483369
-0.363483369
-0.363483369
-0.363483369
-0.363483369
-0.363483369
-0.363483369
-0.363483369
-0.363483369
-0.363483369
-0.363483369
-0.363483369
-0.363483369
-0.363483369
-0.363483369
-0.363483369
0.662443757
3.25575948
1.93060362
-0.363483369
-0.363483369
-0.363483369
-0.363483369
-0.363483369
-0.363483369
-0.363483369
-0.363483369
-0.363483369
-0.363483369
-0.363483369
-0.363483369
-0.363483369
-0.363483369
-0.363483369
-0.363483369
-0.363483369
-0.363483369
-0.363483369
-0.363483369
-0.363483369
-0.363483369
-0.363483369
-0.363483369
-0.363483369
-0.363483369
-0.363483369
-0.363483369
-0.363483369
2.3295753
3.24151063
1.91635466
-0.363483369
-0.363483369
-0.363483369
-0.363483369
-0.363483369
-0.363483369
-0.363483369
-0.363483369
-0.363483369
-0.363483369
-0.363483369
-0.363483369
-0.363483369
-0.363483369
-0.363483369
-0.363483369
-0.363483369
-0.363483369
-0.363483369
-0.363483369
-0.363483369
-0.363483369
-0.363483369
-0.363483369
-0.363483369
-0.363483369
-0.363483369
-0.363483369
-0.363483369
2.91378379
3.24151063
1.33214617
-0.363483369
-0.363483369
-0.363483369
-0.363483369
-0.363483369
-0.363483369
-0.363483369
-0.363483369
-0.363483369
-0.363483369
-0.363483369
-0.363483369
-0.363483369
-0.363483369
-0.363483369
-0.363483369
-0.363483369
-0.363483369
-0.363483369
-0.363483369
-0.363483369
-0.363483369
-0.363483369
-0.363483369
-0.363483369
-0.363483369
-0.363483369
-0.363483369
-0.363483369
2.91378379
3.24151063
0.619696796
-0.363483369
-0.363483369
-0.363483369
-0.363483369
-0.363483369
-0.363483369
-0.363483369
-0.363483369
-0.363483369
-0.363483369
-0.363483369
-0.363483369
-0.363483369
-0.363483369
-0.363483369
-0.363483369
-0.363483369
-0.363483369
-0.363483369
-0.363483369
-0.363483369
-0.363483369
-0.363483369
-0.363483369
-0.363483369
-0.363483369
-0.363483369
-0.363483369
-0.363483369
-0.363483369
-0.363483369
-0.363483369
-0.363483369
-0.363483369
-0.363483369
-0.363483369
-0.363483369
-0.363483369
-0.363483369
-0.363483369
-0.363483369
-0.363483369
-0.363483369
-0.363483369
-0.363483369
-0.363483369
-0.363483369
-0.363483369
-0.363483369
-0.363483369
-0.363483369
-0.363483369
-0.363483369
-0.363483369
-0.363483369
-0.363483369
-0.363483369
-0.363483369
-0.363483369
-0.363483369
-0.363483369
-0.363483369
-0.363483369
-0.363483369
-0.363483369
-0.363483369
-0.363483369
-0.363483369
-0.363483369
-0.363483369
-0.363483369
-0.363483369
-0.363483369
-0.363483369
-0.363483369
-0.363483369
-0.363483369
-0.363483369
-0.363483369
-0.363483369
-0.363483369
-0.363483369
-0.363483369
-0.363483369
-0.363483369
-0.363483369
-0.363483369
-0.363483369
-0.363483369
-0.363483369
-0.363483369
-0.363483369
-0.363483369
-0.363483369
-0.363483369
-0.363483369
-0.363483369
-0.363483369
-0.363483369
-0.363483369
-0.363483369
-0.363483369
-0.363483369
-0.363483369
-0.363483369
-0.363483369
-0.363483369
-0.363483369
-0.363483369
-0.363483369
-0.363483369
-0.363483369
-0.363483369
-0.363483369
-0.363483369
-0.363483369
-0.363483369
-0.363483369
-0.363483369
-0.363483369
-0.363483369
-0.363483369
-0.363483369
-0.363483369
-0.363483369
-0.363483369
-0.363483369
-0.363483369
-0.363483369
-0.363483369
-0.363483369
-0.363483369
-0.363483369
-0.363483369
-0.363483369
-0.363483369
-0.363483369
-0.363483369
-0.363483369
-0.363483369
-0.363483369
-0.363483369
