7.53492209015
8.07641746476
6.76732167303
9.68113186243
9.06413603748
7.78914255409
7.29029983769
7.20219258718
8.33985342255
-0.81656195923
5.57680858899
8.65459080102
5.58905535445
9.29628590289
8.58818592438
5.04613669752
8.74763839891
7.42932872303
2.41995720148
0.486551410469
9.88400517971
6.46878845393
-4.0179366435
5.64199361559
6.72393551354
4.78735303762
9.12460631328
5.65551609347
7.99223666542
7.6235853838
9.64040689584
5.06382941652
8.87744495963
2.34016112762
3.66934108209
2.09473184865
3.18534317439
6.93884430711
6.27124479752
9.5141511019
6.30969107211
6.29951958158
8.06179935132
6.3833219939
4.77445092818
9.92002714546
6.68566735243
9.82231847907
8.19226298058
7.38775637238
9.63959577411
8.35130022292
8.367312563
7.79419841312
3.90782623406
3.3209002845
8.04144993163
7.10513839075
3.94934355137
6.02219415788
9.17640705478
6.72957418543
5.19798184438
7.55333363739
9.99680682214
-0.0918706272391
7.03728404061
0.527547002168
4.60452391749
8.69807503533
0.530820871044
9.21853040291
5.49271603837
8.44386655136
7.60848251054
-4.87670986748
9.35448186452
9.8655298772
6.28235799072
2.40349892162
8.21280231891
9.82997870245
8.48080896796
8.44280780311
-1.09940565461
5.24000372026
4.88289518313
-1.33555997568
7.35301126847
8.25029418043
7.84372441578
8.86436810458
6.76226100926
9.02247999479
5.13857547524
7.92335042604
6.74103469162
4.04595385689
5.20550576197
4.68467899545
9.36380394623
3.37480688205
4.73622150503
9.82037084759
5.87299064494
6.2012181455
9.60777203805
9.49732034404
3.33732879822
9.5656572315
1.55140478994
0.404349934397
6.54467746625
0.411312687016
9.87574160799
-0.36843211152
7.46668793955
5.97905000105
9.70415888158
8.49571482735
8.84210514674
7.78615102237
-2.47248583434
9.4314996099
1.9494732743
1.58598116096
-3.41197924824
1.79741465409
9.96515745359
5.56160197667
8.11241514691
4.98700210301
5.57751464664
8.17106092545
4.72794143223
2.66058210384
0.0749234205714
8.65584551908
9.24663196351
-0.617799478366
-0.957834636454
5.72608534036
9.36122108033
1.40877130981
5.94311804147
7.38506638629
9.7725519807
7.56535190733
8.53160417862
6.3279121274
9.18240055039
-0.184958570034
7.72801194428
9.22569974193
5.36980800633
6.49594396744
7.50491767767
3.9604108722
4.30059136212
7.34265652139
2.66688861116
6.31055736361
8.23359291014
7.68441496482
9.48512211655
2.4124592946
4.02300257605
5.03492979591
8.07251889537
9.74412772605
6.98850366734
1.94064327053
7.01175966272
5.66698255985
4.68710980346
5.22729688923
-3.49782835156
6.43688248155
8.03516949741
8.95896934403
-0.216660681027
0.24980862054
5.66288698645
8.43021882075
1.58102409131
9.72450013069
6.95212923859
7.30866241208
2.77548877158
4.53774804096
8.2742507518
2.04797510134
6.31938701374
-0.972374639367
9.67598561176
9.07069762225
