7
1
8
9
9
7
7
5
1
9
7
7
7
9
4
4
4
9
5
2
9
7
9
4
4
2
0
4
0
9
7
5
9
3
9
7
8
1
5
4
1
8
2
9
1
4
5
8
1
2
8
6
3
8
8
5
1
7
0
1
1
6
3
8
8
9
8
0
5
7
3
1
9
2
9
4
5
8
6
0
1
6
3
1
2
4
7
3
3
0
9
3
8
5
5
1
7
5
6
5
5
7
9
8
2
3
2
2
4
8
7
2
7
0
9
1
7
4
4
5
3
5
1
4
4
1
5
3
3
3
9
1
1
4
2
1
6
8
3
1
5
2
9
6
1
6
1
8
8
3
2
2
9
2
9
9
8
7
8
7
6
6
0
0
4
7
8
5
8
8
9
7
2
6
7
5
8
3
5
7
3
8
8
3
0
4
8
6
6
7
5
3
1
7
5
0
3
4
5
8
3
1
3
9
6
2
3
4
8
1
7
6
3
1
3
9
0
8
9
0
7
3
4
6
5
8
4
2
4
8
4
5
0
0
7
9
8
6
3
1
3
2
9
9
0
6
9
7
2
5
4
3
0
4
1
0
4
8
6
3
8
5
9
3
6
4
9
1
0
3
5
2
7
4
9
7
2
1
4
9
7
0
9
2
6
7
6
9
8
3
1
2
4
0
9
2
6
6
9
8
6
4
4
4
9
3
0
0
1
3
3
2
7
2
1
3
1
1
0
2
5
7
6
6
8
3
1
3
4
2
0
0
2
6
2
7
4
7
2
1
6
3
3
2
1
5
7
5
8
5
9
7
2
2
3
6
3
7
5
3
2
3
1
7
0
3
8
6
2
2
0
0
1
6
5
2
0
9
9
7
6
3
0
3
4
7
4
1
3
8
8
9
7
8
2
6
0
5
8
2
