-13.7524252268
44.4460460922
62.425411837
25.1230358103
84.9913991858
128.747425145
79.1668108653
-28.121772185
-90.2186993983
-109.784381074
-79.5004521997
15.0352220088
86.8647414665
-85.8442309291
-131.337256493
-28.4317449291
50.9521518201
-60.7941951656
-11.2807341967
-103.310643915
-52.2478188021
57.0987987633
61.2029563329
51.2000717701
-53.7386890002
-33.9051041443
-24.214021185
26.3883117701
28.8670063268
-25.6061227455
6.54599977829
-23.7439200186
51.4571052167
87.4412661446
20.8131560131
21.7075900994
-55.7997268577
-64.2547829065
-134.607635222
105.666455129
-14.6652512194
-30.0086030265
140.801538858
-4.67231882534
-87.4464610207
15.9816434965
-62.6999515663
-90.7607284477
-100.642406725
-51.3687893168
-138.055405802
62.880318538
38.1913152922
15.2448975381
102.832872781
-72.6808414026
61.2715497794
-44.9132692748
14.5922514739
-22.6955216614
-10.6756487573
72.0652840091
24.2126726079
-26.5827276823
141.007477675
6.6693968003
-125.125611995
5.197298665
44.5367207146
62.5805258361
16.2109440619
6.96805496072
78.371777204
6.92781797575
-51.1740366634
14.0037575251
29.4137011173
38.1416568734
80.5899410874
-152.351146705
6.70583315674
9.57568081314
-99.5081693326
-96.0816820362
-33.0193819105
-81.5728996299
68.8151362654
-52.0552036249
132.308349684
-49.087231155
-75.3733459704
-5.04294858049
-7.49643303108
60.168464244
8.12295707938
13.9615785192
-39.281906924
34.181331016
-7.4492192704
-65.5381716007
19.9765431742
-67.4168995873
-15.3269808513
17.7223143104
-56.1914080696
46.4580428333
-101.90144292
92.4507104714
19.1799482762
60.3829980957
-125.15784128
-94.4635341819
18.1952101656
-73.9495410842
13.1771849424
-104.917824269
10.4302612073
9.34873225479
-55.9426038526
4.31213548023
