-0.3635
-0.3635
-0.3635
-0.3635
-0.3635
-0.3635
-0.3635
-0.3635
-0.3635
-0.3635
-0.3635
-0.3635
-0.3635
-0.3635
-0.3635
-0.3635
-0.3635
-0.3635
-0.3635
-0.3635
-0.3635
-0.3635
-0.3635
-0.3635
-0.3635
-0.3635
-0.3635
-0.3635
-0.3635
-0.3635
-0.3635
-0.3635
-0.3635
-0.3635
-0.3635
-0.3635
-0.3635
-0.3635
-0.3635
-0.3635
-0.3635
-0.3635
-0.3635
-0.3635
-0.3635
-0.3635
-0.3635
-0.3635
-0.3635
-0.3635
-0.3635
-0.3635
-0.3635
-0.3635
-0.3635
-0.3635
-0.3635
-0.3635
-0.3635
-0.3635
-0.3635
-0.3635
-0.3635
-0.3635
-0.3635
-0.3635
-0.3635
-0.3635
-0.3635
-0.3635
-0.3635
-0.3635
-0.3635
-0.3635
-0.3635
-0.3635
-0.3635
-0.3635
-0.3635
-0.3635
-0.3635
-0.3635
-0.3635
-0.3635
-0.3635
-0.3635
-0.3635
-0.3635
-0.3635
-0.3635
-0.3635
-0.3635
-0.3635
-0.3635
-0.3635
-0.3635
-0.3635
-0.3635
-0.3635
-0.3635
-0.3635
-0.3635
-0.3635
-0.3635
-0.3635
-0.3635
-0.3635
-0.3635
-0.3635
-0.3635
-0.3635
-0.3635
-0.3635
-0.3635
-0.3635
-0.3635
-0.3635
-0.3635
-0.3635
-0.3635
-0.3635
-0.3635
-0.3635
-0.3635
-0.3635
-0.3635
-0.3635
-0.3635
-0.3635
-0.3635
-0.3635
-0.3635
-0.3635
-0.3635
-0.3635
-0.3635
-0.3635
-0.3635
-0.3635
-0.3635
-0.3635
-0.3635
-0.3635
-0.3635
-0.3635
-0.3635
-0.3635
-0.3635
-0.3635
-0.3635
-0.3635
-0.3635
-0.3635
-0.3635
-0.3635
-0.3635
-0.3635
-0.3635
-0.3635
-0.3635
-0.3635
-0.3635
-0.3635
-0.3635
-0.3635
-0.3635
-0.3635
-0.3635
-0.3635
-0.3635
-0.3635
-0.3635
-0.3635
-0.3635
-0.3635
-0.3635
-0.3635
-0.3635
-0.3635
-0.3635
-0.3635
-0.3635
-0.3635
-0.3635
-0.3635
-0.3635
-0.3635
-0.3635
-0.3635
-0.3635
-0.3635
-0.3635
-0.3635
-0.3635
-0.3635
-0.3635
-0.3635
-0.3635
-0.3635
-0.3635
-0.3635
-0.3635
-0.3635
-0.3635
-0.3635
-0.3635
-0.3635
-0.3635
-0.3635
-0.3635
-0.3635
-0.3635
-0.3635
-0.3635
-0.3635
-0.3635
-0.3635
-0.3635
-0.3635
-0.3635
-0.3635
-0.3635
-0.3635
-0.3635
-0.3635
-0.3635
-0.3635
-0.3635
-0.3635
-0.3635
-0.3635
-0.3635
-0.3635
-0.3635
-0.3635
-0.3635
-0.3635
-0.3635
-0.3207
-0.1070
-0.1070
-0.1070
 1.4319
 1.5744
 2.1301
 0.0070
 2.0018
 3.2700
 3.1560
 1.4461
-0.3635
-0.3635
-0.3635
-0.3635
-0.3635
-0.3635
-0.3635
-0.3635
-0.3635
-0.3635
-0.3635
-0.3635
-0.3635
-0.3635
-0.3635
-0.3635
 0.0640
 0.1495
 0.9759
 1.8309
 2.0588
 3.2415
 3.2415
 3.2415
 3.2415
 3.2415
 2.8425
 2.0873
 3.2415
 3.0848
 2.4151
 0.5485
-0.3635
-0.3635
-0.3635
-0.3635
-0.3635
-0.3635
-0.3635
-0.3635
-0.3635
-0.3635
-0.3635
-0.3635
-0.3635
-0.3635
-0.3635
 0.3347
 3.0278
 3.2415
 3.2415
 3.2415
 3.2415
 3.2415
 3.2415
 3.2415
 3.2415
 3.2130
 0.9617
 0.8049
 0.8049
 0.4345
 0.1922
-0.3635
-0.3635
-0.3635
-0.3635
-0.3635
-0.3635
-0.3635
-0.3635
-0.3635
-0.3635
-0.3635
-0.3635
-0.3635
-0.3635
-0.3635
-0.3635
-0.1070
 2.7570
 3.2415
 3.2415
 3.2415
 3.2415
 3.2415
 2.4578
 2.2298
 3.1560
 3.0705
-0.3635
-0.3635
-0.3635
-0.3635
-0.3635
-0.3635
-0.3635
-0.3635
-0.3635
-0.3635
-0.3635
-0.3635
-0.3635
-0.3635
-0.3635
-0.3635
-0.3635
-0.3635
-0.3635
-0.3635
-0.3635
-0.3635
 0.7764
 1.8594
 1.1612
 3.2415
 3.2415
 2.5576
-0.2067
-0.3635
 0.2492
 1.8309
-0.3635
-0.3635
-0.3635
-0.3635
-0.3635
-0.3635
-0.3635
-0.3635
-0.3635
-0.3635
-0.3635
-0.3635
-0.3635
-0.3635
-0.3635
-0.3635
-0.3635
-0.3635
-0.3635
-0.3635
-0.3635
-0.3635
-0.3635
-0.1640
-0.3492
 1.8309
 3.2415
 0.9189
-0.3635
-0.3635
-0.3635
-0.3635
-0.3635
-0.3635
-0.3635
-0.3635
-0.3635
-0.3635
-0.3635
-0.3635
-0.3635
-0.3635
-0.3635
-0.3635
-0.3635
-0.3635
-0.3635
-0.3635
-0.3635
-0.3635
-0.3635
-0.3635
-0.3635
-0.3635
-0.3635
-0.3635
-0.3635
 1.6171
 3.2415
 2.3438
-0.3350
-0.3635
-0.3635
-0.3635
-0.3635
-0.3635
-0.3635
-0.3635
-0.3635
-0.3635
-0.3635
-0.3635
-0.3635
-0.3635
-0.3635
-0.3635
-0.3635
-0.3635
-0.3635
-0.3635
-0.3635
-0.3635
-0.3635
-0.3635
-0.3635
-0.3635
-0.3635
-0.3635
-0.3635
-0.2067
 2.3438
 3.2415
 0.6339
-0.3635
-0.3635
-0.3635
-0.3635
-0.3635
-0.3635
-0.3635
-0.3635
-0.3635
-0.3635
-0.3635
-0.3635
-0.3635
-0.3635
-0.3635
-0.3635
-0.3635
-0.3635
-0.3635
-0.3635
-0.3635
-0.3635
-0.3635
-0.3635
-0.3635
-0.3635
-0.3635
-0.3635
-0.3635
 0.1352
 3.0705
 2.8425
 1.9164
 1.1754
-0.3492
-0.3635
-0.3635
-0.3635
-0.3635
-0.3635
-0.3635
-0.3635
-0.3635
-0.3635
-0.3635
-0.3635
-0.3635
-0.3635
-0.3635
-0.3635
-0.3635
-0.3635
-0.3635
-0.3635
-0.3635
-0.3635
-0.3635
-0.3635
-0.3635
-0.3635
-0.3635
-0.3635
 0.7907
 3.0563
 3.2415
 3.2415
 1.3321
-0.0073
-0.3635
-0.3635
-0.3635
-0.3635
-0.3635
-0.3635
-0.3635
-0.3635
-0.3635
-0.3635
-0.3635
-0.3635
-0.3635
-0.3635
-0.3635
-0.3635
-0.3635
-0.3635
-0.3635
-0.3635
-0.3635
-0.3635
-0.3635
-0.3635
-0.3635
-0.3635
-0.3635
 0.2777
 2.2868
 3.2415
 3.2415
 1.7739
 0.0212
-0.3635
-0.3635
-0.3635
-0.3635
-0.3635
-0.3635
-0.3635
-0.3635
-0.3635
-0.3635
-0.3635
-0.3635
-0.3635
-0.3635
-0.3635
-0.3635
-0.3635
-0.3635
-0.3635
-0.3635
-0.3635
-0.3635
-0.3635
-0.3635
-0.3635
-0.3635
-0.3635
-0.1355
 0.9617
 3.2273
 3.2415
 2.3011
-0.3635
-0.3635
-0.3635
-0.3635
-0.3635
-0.3635
-0.3635
-0.3635
-0.3635
-0.3635
-0.3635
-0.3635
-0.3635
-0.3635
-0.3635
-0.3635
-0.3635
-0.3635
-0.3635
-0.3635
-0.3635
-0.3635
-0.3635
-0.3635
-0.3635
-0.3635
-0.3635
-0.3635
-0.3635
 3.1845
 3.2415
 3.1845
 0.5485
-0.3635
-0.3635
-0.3635
-0.3635
-0.3635
-0.3635
-0.3635
-0.3635
-0.3635
-0.3635
-0.3635
-0.3635
-0.3635
-0.3635
-0.3635
-0.3635
-0.3635
-0.3635
-0.3635
-0.3635
-0.3635
-0.3635
-0.3635
-0.3635
-0.3635
 0.2920
 1.4889
 2.2441
 3.2415
 3.2415
 2.5861
-0.3350
-0.3635
-0.3635
-0.3635
-0.3635
-0.3635
-0.3635
-0.3635
-0.3635
-0.3635
-0.3635
-0.3635
-0.3635
-0.3635
-0.3635
-0.3635
-0.3635
-0.3635
-0.3635
-0.3635
-0.3635
-0.3635
-0.3635
-0.3635
 0.1922
 1.7454
 2.8995
 3.2415
 3.2415
 3.2415
 3.1988
 2.2298
-0.3635
-0.3635
-0.3635
-0.3635
-0.3635
-0.3635
-0.3635
-0.3635
-0.3635
-0.3635
-0.3635
-0.3635
-0.3635
-0.3635
-0.3635
-0.3635
-0.3635
-0.3635
-0.3635
-0.3635
-0.3635
-0.3635
-0.0215
 1.2609
 2.7855
 3.2415
 3.2415
 3.2415
 3.2415
 2.5006
 0.7479
-0.3635
-0.3635
-0.3635
-0.3635
-0.3635
-0.3635
-0.3635
-0.3635
-0.3635
-0.3635
-0.3635
-0.3635
-0.3635
-0.3635
-0.3635
-0.3635
-0.3635
-0.3635
-0.3635
-0.3635
-0.3635
-0.0358
 0.5769
 2.6716
 3.2415
 3.2415
 3.2415
 3.2415
 2.4578
 0.7907
-0.3350
-0.3635
-0.3635
-0.3635
-0.3635
-0.3635
-0.3635
-0.3635
-0.3635
-0.3635
-0.3635
-0.3635
-0.3635
-0.3635
-0.3635
-0.3635
-0.3635
-0.3635
-0.3635
-0.3635
-0.3635
-0.1070
 2.0731
 2.7570
 3.2415
 3.2415
 3.2415
 3.2415
 2.4151
 0.7764
-0.2352
-0.3635
-0.3635
-0.3635
-0.3635
-0.3635
-0.3635
-0.3635
-0.3635
-0.3635
-0.3635
-0.3635
-0.3635
-0.3635
-0.3635
-0.3635
-0.3635
-0.3635
-0.3635
-0.3635
-0.3635
 0.4202
 2.0873
 2.8568
 3.2415
 3.2415
 3.2415
 3.2415
 3.1133
 1.5316
-0.2067
-0.3635
-0.3635
-0.3635
-0.3635
-0.3635
-0.3635
-0.3635
-0.3635
-0.3635
-0.3635
-0.3635
-0.3635
-0.3635
-0.3635
-0.3635
-0.3635
-0.3635
-0.3635
-0.3635
-0.3635
-0.3635
-0.3635
 1.5744
 3.2415
 3.2415
 3.2415
 2.6573
 1.5601
 1.5174
-0.1355
-0.3635
-0.3635
-0.3635
-0.3635
-0.3635
-0.3635
-0.3635
-0.3635
-0.3635
-0.3635
-0.3635
-0.3635
-0.3635
-0.3635
-0.3635
-0.3635
-0.3635
-0.3635
-0.3635
-0.3635
-0.3635
-0.3635
-0.3635
-0.3635
-0.3635
-0.3635
-0.3635
-0.3635
-0.3635
-0.3635
-0.3635
-0.3635
-0.3635
-0.3635
-0.3635
-0.3635
-0.3635
-0.3635
-0.3635
-0.3635
-0.3635
-0.3635
-0.3635
-0.3635
-0.3635
-0.3635
-0.3635
-0.3635
-0.3635
-0.3635
-0.3635
-0.3635
-0.3635
-0.3635
-0.3635
-0.3635
-0.3635
-0.3635
-0.3635
-0.3635
-0.3635
-0.3635
-0.3635
-0.3635
-0.3635
-0.3635
-0.3635
-0.3635
-0.3635
-0.3635
-0.3635
-0.3635
-0.3635
-0.3635
-0.3635
-0.3635
-0.3635
-0.3635
-0.3635
-0.3635
-0.3635
-0.3635
-0.3635
-0.3635
-0.3635
-0.3635
-0.3635
-0.3635
-0.3635
-0.3635
-0.3635
-0.3635
-0.3635
-0.3635
-0.3635
-0.3635
-0.3635
-0.3635
-0.3635
-0.3635
-0.3635
-0.3635
-0.3635
-0.3635
-0.3635
-0.3635
-0.3635
-0.3635
-0.3635
-0.3635
-0.3635
-0.3635
-0.3635
-0.3635
-0.3635
-0.3635
-0.3635
-0.3635
-0.3635
-0.3635
-0.3635
-0.3635
-0.3635
-0.3635
-0.3635
-0.3635
-0.3635
-0.3635
-0.3635
-0.3635
-0.3635
-0.3635
-0.3635
-0.3635
-0.3635
-0.3635
-0.3635
-0.3635
-0.3635
-0.3635
-0.3635
-0.3635
-0.3635
-0.3635
-0.3635
-0.3635
-0.3635
-0.3635
-0.3635
-0.3635
-0.3635
-0.3635
-0.3635
-0.3635
-0.3635
-0.3635
-0.3635
-0.3635
-0.3635
-0.3635
-0.3635
-0.3635
-0.3635
-0.3635
-0.3635
-0.3635
-0.3635
-0.3635
-0.3635
-0.3635
-0.3635
-0.3635
-0.3635
-0.3635
-0.3635
-0.3635
-0.3635
-0.3635