-0.3635
-0.3635
-0.3635
-0.3635
-0.3635
-0.3635
-0.3635
-0.3635
-0.3635
-0.3635
-0.3635
-0.3635
-0.3635
-0.3635
-0.3635
-0.3635
-0.3635
-0.3635
-0.3635
-0.3635
-0.3635
-0.3635
-0.3635
-0.3635
-0.3635
-0.3635
-0.3635
-0.3635
-0.3635
-0.3635
-0.3635
-0.3635
-0.3635
-0.3635
-0.3635
-0.3635
-0.3635
-0.3635
-0.3635
-0.3635
-0.3635
-0.3635
-0.3635
-0.3635
-0.3635
-0.3635
-0.3635
-0.3635
-0.3635
-0.3635
-0.3635
-0.3635
-0.3635
-0.3635
-0.3635
-0.3635
-0.3635
-0.3635
-0.3635
-0.3635
-0.3635
-0.3635
-0.3635
-0.3635
-0.3635
-0.3635
-0.3635
-0.3635
-0.3635
-0.3635
-0.3635
-0.3635
-0.3635
-0.3635
-0.3635
-0.3635
-0.3635
-0.3635
-0.3635
-0.3635
-0.3635
-0.3635
-0.3635
-0.3635
-0.3635
-0.3635
-0.3635
-0.3635
-0.3635
-0.3635
-0.3635
-0.3635
-0.3635
-0.3635
-0.3635
-0.3635
-0.3635
-0.3635
-0.3635
-0.3635
-0.3635
-0.3635
-0.3635
-0.3635
-0.3635
-0.3635
-0.3635
-0.3635
-0.3635
-0.3635
-0.3635
-0.3635
-0.3635
-0.3635
-0.3635
-0.3635
-0.3635
-0.3635
-0.3635
-0.3635
-0.3635
-0.3635
-0.3635
-0.3635
-0.3635
-0.3635
-0.3635
-0.3635
-0.3635
-0.3635
-0.3635
-0.3635
-0.3635
-0.3635
-0.3635
-0.3635
-0.3635
-0.3635
-0.3635
-0.3635
-0.3635
-0.3635
-0.3635
-0.3635
-0.3635
-0.3635
-0.3635
-0.3635
-0.3635
-0.3635
-0.3635
-0.3635
-0.3635
-0.3635
-0.3635
-0.3635
-0.3635
-0.3635
-0.3635
-0.3635
-0.3635
-0.3635
-0.3635
-0.3635
-0.3635
-0.3635
-0.3635
-0.3635
-0.3635
-0.3635
-0.3635
-0.3635
-0.3635
-0.3635
-0.3635
-0.3635
-0.3635
-0.3635
-0.3635
-0.3635
-0.3635
-0.3635
-0.3635
-0.3635
-0.3635
-0.3635
-0.3635
-0.3635
-0.3635
-0.3635
-0.3635
-0.3635
-0.3635
-0.3635
-0.3635
-0.3635
-0.3635
-0.3635
-0.3635
-0.3635
-0.3635
-0.3635
-0.3635
-0.3635
-0.3635
-0.3635
-0.3635
-0.3635
-0.3635
-0.3635
-0.3635
-0.3635
-0.3635
-0.3635
-0.3635
-0.3635
-0.3635
-0.3635
-0.3635
-0.3635
-0.3635
-0.3635
-0.3635
-0.3635
-0.3635
-0.3635
-0.3635
-0.3635
-0.3635
-0.3635
-0.3635
-0.3635
-0.3635
-0.3635
-0.2922
 1.2324
 1.7026
 1.7026
 1.7026
 1.7026
 1.7026
 0.8192
-0.2067
-0.3635
-0.3635
-0.3635
-0.3635
-0.3635
-0.3635
-0.3635
-0.3635
-0.3635
-0.3635
-0.3635
-0.3635
-0.3635
-0.3635
-0.3635
-0.3635
-0.3635
-0.3635
-0.3635
-0.3635
-0.3635
-0.3635
-0.0358
 2.1443
 3.2415
 3.2415
 3.2415
 3.2415
 3.2415
 3.2415
 3.2558
 2.4578
 1.6314
 0.0640
-0.3635
-0.3635
-0.3635
-0.3635
-0.3635
-0.3635
-0.3635
-0.3635
-0.3635
-0.3635
-0.3635
-0.3635
-0.3635
-0.3635
-0.3635
-0.3635
-0.3635
-0.3635
-0.3635
-0.3635
-0.1782
 1.9876
 2.5576
 2.0588
 1.4176
 1.7311
 2.5576
 2.5576
 2.5718
 2.9565
 3.2415
 3.0135
 0.8192
 0.1352
-0.3635
-0.3635
-0.3635
-0.3635
-0.3635
-0.3635
-0.3635
-0.3635
-0.3635
-0.3635
-0.3635
-0.3635
-0.3635
-0.3635
-0.3635
-0.3635
-0.3635
-0.3635
-0.3635
-0.1925
 0.5057
 0.2635
-0.3635
-0.3635
-0.3635
-0.3635
-0.3635
 0.2350
 1.8451
 3.2415
 3.2415
 2.9565
 1.6456
-0.2352
-0.3635
-0.3635
-0.3635
-0.3635
-0.3635
-0.3635
-0.3635
-0.3635
-0.3635
-0.3635
-0.3635
-0.3635
-0.3635
-0.3635
-0.3635
-0.3635
-0.3635
 1.6456
 3.2415
 2.9993
 0.1637
-0.3635
-0.3635
-0.3635
-0.3635
-0.3635
-0.2352
 0.8192
 2.9565
 3.2415
 3.2415
 0.6482
-0.3635
-0.3635
-0.3635
-0.3635
-0.3635
-0.3635
-0.3635
-0.3635
-0.3635
-0.3635
-0.3635
-0.3635
-0.3635
-0.3635
-0.3635
-0.3635
 0.0640
 3.0278
 3.2415
 2.4008
-0.2352
-0.3635
-0.3635
-0.3635
-0.3635
-0.3635
-0.3635
-0.3635
 0.1210
 1.9734
 3.2415
 2.9850
 1.0187
-0.3065
-0.3635
-0.3635
-0.3635
-0.3635
-0.3635
-0.3635
-0.3635
-0.3635
-0.3635
-0.3635
-0.3635
-0.3635
-0.3635
-0.3635
 0.8192
 3.2415
 3.2415
 0.7337
-0.3635
-0.3635
-0.3635
-0.3635
-0.3635
-0.3635
-0.3635
-0.3635
-0.3635
-0.2067
 2.0018
 3.2415
 3.2415
 1.2894
-0.3635
-0.3635
-0.3635
-0.3635
-0.3635
-0.3635
-0.3635
-0.3635
-0.3635
-0.3635
-0.3635
-0.3635
-0.3635
 0.5342
 2.4721
 3.2415
 1.7169
-0.2780
-0.3635
-0.3635
-0.3635
-0.3635
-0.3635
-0.3635
-0.3635
-0.3635
-0.3635
-0.3635
 0.3347
 3.0278
 3.2415
 2.2583
-0.3635
-0.3635
-0.3635
-0.3635
-0.3635
-0.3635
-0.3635
-0.3635
-0.3635
-0.3635
-0.3635
-0.3635
-0.2780
 2.4436
 3.2415
 2.9138
 0.1780
-0.3635
-0.3635
-0.3635
-0.3635
-0.3635
-0.3635
-0.3635
-0.3635
-0.3635
-0.3635
-0.3635
-0.3635
 1.9164
 3.2415
 3.2415
-0.3635
-0.3635
-0.3635
-0.3635
-0.3635
-0.3635
-0.3635
-0.3635
-0.3635
-0.3635
-0.3635
-0.3635
 2.4578
 3.2558
 3.2415
 0.7907
-0.3635
-0.3635
-0.3635
-0.3635
-0.3635
-0.3635
-0.3635
-0.3635
-0.3635
-0.3635
-0.3635
-0.3635
-0.3635
-0.2922
 2.9423
 3.2558
-0.3635
-0.3635
-0.3635
-0.3635
-0.3635
-0.3635
-0.3635
-0.3635
-0.3635
-0.3635
-0.3635
-0.3635
 3.2558
 3.2415
 2.5576
-0.3635
-0.3635
-0.3635
-0.3635
-0.3635
-0.3635
-0.3635
-0.3635
-0.3635
-0.3635
-0.3635
-0.3635
-0.3635
-0.3635
 2.0018
 3.2415
 3.0848
-0.3635
-0.3635
-0.3635
-0.3635
-0.3635
-0.3635
-0.3635
-0.3635
-0.3635
-0.3635
-0.3635
-0.3635
 3.2558
 3.0278
 0.1637
-0.3635
-0.3635
-0.3635
-0.3635
-0.3635
-0.3635
-0.3635
-0.3635
-0.3635
-0.3635
-0.3635
-0.3635
 0.5342
 1.8736
 3.0563
 3.2415
 0.4487
-0.3635
-0.3635
-0.3635
-0.3635
-0.3635
-0.3635
-0.3635
-0.3635
-0.3635
-0.3635
-0.3635
-0.3635
 3.2558
 2.9708
-0.0928
-0.3635
-0.3635
-0.3635
-0.3635
-0.3635
-0.3635
-0.3635
-0.3635
-0.3635
-0.2637
 0.3347
 1.5601
 2.9708
 3.2415
 3.2415
 1.8736
-0.3065
-0.3635
-0.3635
-0.3635
-0.3635
-0.3635
-0.3635
-0.3635
-0.3635
-0.3635
-0.3635
-0.3635
-0.3635
 3.2558
 3.2415
 1.4176
-0.3635
-0.3635
-0.3635
-0.3635
-0.3635
-0.3635
-0.3635
 0.0925
 1.4889
 2.3723
 3.2415
 3.2415
 2.9993
 2.3866
 0.9047
-0.2637
-0.3635
-0.3635
-0.3635
-0.3635
-0.3635
-0.3635
-0.3635
-0.3635
-0.3635
-0.3635
-0.3635
-0.3635
-0.3635
 2.7713
 3.2415
 3.1275
 2.4008
 2.4008
 1.9021
 0.6767
 2.1586
 2.4008
 2.4008
 2.8568
 3.2415
 3.2415
 3.2415
 2.5006
 0.6482
-0.3635
-0.3635
-0.3635
-0.3635
-0.3635
-0.3635
-0.3635
-0.3635
-0.3635
-0.3635
-0.3635
-0.3635
-0.3635
-0.3635
-0.3635
-0.3635
 0.0782
 2.7285
 3.2415
 3.2415
 3.2415
 3.2415
 3.2415
 3.2415
 3.2415
 3.2415
 3.2558
 2.5433
 1.7881
 0.3205
-0.1640
-0.3635
-0.3635
-0.3635
-0.3635
-0.3635
-0.3635
-0.3635
-0.3635
-0.3635
-0.3635
-0.3635
-0.3635
-0.3635
-0.3635
-0.3635
-0.3635
-0.3635
-0.3635
-0.0643
 1.2182
 1.8594
 2.5291
 1.8594
 1.8594
 1.8594
 1.8594
 0.2207
 0.1495
-0.1497
-0.3635
-0.3635
-0.3635
-0.3635
-0.3635
-0.3635
-0.3635
-0.3635
-0.3635
-0.3635
-0.3635
-0.3635
-0.3635
-0.3635
-0.3635
-0.3635
-0.3635
-0.3635
-0.3635
-0.3635
-0.3635
-0.3635
-0.3635
-0.3635
-0.1925
-0.3635
-0.3635
-0.3635
-0.3635
-0.3635
-0.3635
-0.3635
-0.3635
-0.3635
-0.3635
-0.3635
-0.3635
-0.3635
-0.3635
-0.3635
-0.3635
-0.3635
-0.3635
-0.3635
-0.3635
-0.3635
-0.3635
-0.3635
-0.3635
-0.3635
-0.3635
-0.3635
-0.3635
-0.3635
-0.3635
-0.3635
-0.3635
-0.3635
-0.3635
-0.3635
-0.3635
-0.3635
-0.3635
-0.3635
-0.3635
-0.3635
-0.3635
-0.3635
-0.3635
-0.3635
-0.3635
-0.3635
-0.3635
-0.3635
-0.3635
-0.3635
-0.3635
-0.3635
-0.3635
-0.3635
-0.3635
-0.3635
-0.3635
-0.3635
-0.3635
-0.3635
-0.3635
-0.3635
-0.3635
-0.3635
-0.3635
-0.3635
-0.3635
-0.3635
-0.3635
-0.3635
-0.3635
-0.3635
-0.3635
-0.3635
-0.3635
-0.3635
-0.3635
-0.3635
-0.3635
-0.3635
-0.3635
-0.3635
-0.3635
-0.3635
-0.3635
-0.3635
-0.3635
-0.3635
-0.3635
-0.3635
-0.3635
-0.3635
-0.3635
-0.3635
-0.3635
-0.3635
-0.3635
-0.3635
-0.3635
-0.3635
-0.3635
-0.3635
-0.3635
-0.3635
-0.3635
-0.3635
-0.3635
-0.3635
-0.3635
-0.3635
-0.3635
-0.3635
-0.3635
-0.3635
-0.3635
-0.3635
-0.3635
-0.3635
-0.3635
-0.3635
-0.3635
-0.3635
-0.3635
-0.3635
-0.3635
-0.3635
-0.3635
-0.3635
-0.3635
-0.3635
-0.3635
-0.3635
-0.3635
-0.3635
-0.3635
-0.3635
-0.3635
-0.3635
-0.3635
-0.3635
-0.3635
-0.3635
-0.3635
-0.3635
-0.3635
-0.3635
-0.3635
-0.3635
-0.3635
-0.3635
-0.3635
-0.3635
-0.3635
-0.3635
-0.3635
-0.3635
-0.3635
-0.3635
-0.3635
-0.3635
-0.3635
-0.3635
-0.3635
-0.3635
-0.3635
-0.3635
-0.3635
-0.3635
-0.3635
-0.3635
-0.3635
-0.3635
-0.3635
-0.3635
-0.3635
-0.3635
-0.3635
-0.3635
-0.3635
-0.3635
-0.3635
-0.3635
-0.3635
-0.3635
-0.3635
-0.3635
-0.3635
-0.3635
-0.3635
-0.3635
-0.3635
-0.3635
-0.3635
-0.3635
-0.3635
-0.3635
-0.3635
-0.3635
-0.3635
-0.3635
-0.3635
-0.3635
-0.3635
-0.3635
-0.3635
-0.3635
-0.3635
-0.3635
-0.3635
-0.3635
-0.3635
-0.3635
-0.3635
-0.3635
-0.3635
-0.3635
-0.3635
-0.3635
-0.3635
-0.3635
-0.3635
-0.3635
-0.3635
-0.3635
-0.3635
-0.3635
-0.3635
-0.3635
-0.3635
-0.3635
-0.3635
-0.3635
-0.3635
-0.3635
-0.3635
-0.3635
-0.3635
-0.3635
-0.3635
-0.3635
-0.3635
-0.3635
-0.3635