-0.363483369
-0.363483369
-0.363483369
-0.363483369
-0.363483369
-0.363483369
-0.363483369
-0.363483369
-0.363483369
-0.363483369
-0.363483369
-0.363483369
-0.363483369
-0.363483369
-0.363483369
-0.363483369
-0.363483369
-0.363483369
-0.363483369
-0.363483369
-0.363483369
-0.363483369
-0.363483369
-0.363483369
-0.363483369
-0.363483369
-0.363483369
-0.363483369
-0.363483369
-0.363483369
-0.363483369
-0.363483369
-0.363483369
-0.363483369
-0.363483369
-0.363483369
-0.363483369
-0.363483369
-0.363483369
-0.363483369
-0.363483369
-0.363483369
-0.363483369
-0.363483369
-0.363483369
-0.363483369
-0.363483369
-0.363483369
-0.363483369
-0.363483369
-0.363483369
-0.363483369
-0.363483369
-0.363483369
-0.363483369
-0.363483369
-0.363483369
-0.363483369
-0.363483369
-0.363483369
-0.363483369
-0.363483369
-0.363483369
-0.363483369
-0.363483369
-0.363483369
-0.363483369
-0.363483369
-0.363483369
-0.363483369
-0.363483369
-0.363483369
-0.363483369
-0.363483369
-0.363483369
-0.363483369
-0.363483369
-0.363483369
-0.363483369
-0.363483369
-0.363483369
-0.363483369
-0.363483369
-0.363483369
-0.363483369
-0.363483369
-0.363483369
-0.363483369
-0.363483369
-0.363483369
-0.363483369
-0.363483369
-0.363483369
-0.363483369
-0.363483369
-0.363483369
-0.363483369
-0.363483369
-0.363483369
-0.363483369
-0.363483369
-0.363483369
-0.363483369
-0.363483369
-0.363483369
-0.363483369
-0.363483369
-0.363483369
-0.363483369
-0.363483369
-0.363483369
-0.363483369
-0.363483369
-0.363483369
-0.363483369
-0.363483369
-0.363483369
-0.363483369
-0.363483369
-0.363483369
-0.363483369
-0.363483369
-0.363483369
-0.363483369
-0.363483369
-0.363483369
-0.363483369
-0.363483369
-0.363483369
-0.363483369
-0.363483369
-0.363483369
-0.363483369
-0.363483369
-0.363483369
-0.363483369
-0.363483369
-0.363483369
-0.363483369
-0.363483369
-0.363483369
-0.363483369
-0.363483369
-0.363483369
-0.363483369
-0.363483369
-0.363483369
-0.363483369
-0.363483369
-0.363483369
-0.363483369
-0.363483369
-0.363483369
-0.363483369
-0.363483369
-0.363483369
-0.363483369
-0.363483369
-0.363483369
-0.363483369
-0.363483369
-0.363483369
-0.363483369
-0.363483369
-0.363483369
-0.363483369
-0.363483369
-0.363483369
-0.363483369
-0.363483369
-0.363483369
-0.363483369
-0.363483369
-0.363483369
-0.363483369
-0.363483369
-0.363483369
-0.363483369
-0.363483369
-0.363483369
-0.363483369
-0.363483369
-0.363483369
-0.363483369
-0.363483369
-0.363483369
-0.363483369
-0.363483369
-0.363483369
-0.363483369
-0.363483369
-0.363483369
-0.363483369
-0.363483369
-0.363483369
-0.363483369
-0.363483369
-0.363483369
-0.363483369
-0.363483369
-0.363483369
-0.363483369
-0.363483369
-0.363483369
-0.363483369
-0.363483369
-0.363483369
-0.363483369
-0.363483369
-0.363483369
-0.363483369
-0.363483369
-0.363483369
-0.363483369
-0.363483369
-0.363483369
-0.363483369
-0.363483369
-0.363483369
-0.363483369
-0.363483369
-0.363483369
-0.363483369
-0.363483369
-0.363483369
-0.363483369
-0.363483369
-0.363483369
-0.363483369
-0.363483369
-0.363483369
-0.363483369
-0.363483369
-0.363483369
-0.363483369
-0.363483369
-0.363483369
-0.363483369
-0.363483369
-0.363483369
-0.363483369
-0.363483369
-0.363483369
-0.363483369
-0.363483369
-0.363483369
-0.363483369
-0.363483369
-0.363483369
-0.363483369
-0.363483369
-0.363483369
-0.363483369
-0.363483369
-0.363483369
-0.363483369
-0.363483369
-0.363483369
-0.363483369
-0.363483369
-0.363483369
-0.363483369
-0.363483369
-0.363483369
-0.363483369
-0.363483369
-0.363483369
-0.363483369
-0.363483369
-0.363483369
-0.363483369
-0.363483369
-0.363483369
-0.363483369
-0.363483369
-0.363483369
-0.363483369
-0.363483369
-0.363483369
-0.363483369
-0.363483369
-0.363483369
-0.363483369
-0.363483369
-0.363483369
-0.363483369
-0.363483369
-0.363483369
-0.363483369
-0.363483369
-0.363483369
-0.363483369
-0.363483369
-0.363483369
-0.363483369
-0.363483369
-0.363483369
-0.363483369
-0.363483369
-0.363483369
-0.363483369
-0.363483369
-0.349234372
1.21815431
2.35807323
3.25575948
3.27000856
3.25575948
1.74536681
-0.292238414
-0.363483369
-0.363483369
-0.363483369
-0.363483369
-0.363483369
-0.363483369
-0.363483369
-0.363483369
-0.363483369
-0.363483369
-0.363483369
-0.363483369
-0.363483369
-0.363483369
-0.363483369
-0.363483369
-0.363483369
-0.363483369
-0.363483369
-0.363483369
-0.363483369
-0.363483369
-0.363483369
-0.363483369
2.01609755
3.24151063
2.7285471
1.0756644
0.448708951
1.98759961
3.24151063
1.16115832
-0.363483369
-0.363483369
-0.363483369
-0.363483369
-0.363483369
-0.363483369
-0.363483369
-0.363483369
-0.363483369
-0.363483369
-0.363483369
-0.363483369
-0.363483369
-0.363483369
-0.363483369
-0.363483369
-0.363483369
-0.363483369
-0.363483369
-0.363483369
-0.363483369
-0.363483369
-0.235242471
2.60030603
3.22726154
2.01609755
0.0212393068
-0.363483369
-0.363483369
-0.334985375
0.847680569
-0.149748549
-0.363483369
-0.363483369
-0.363483369
-0.363483369
-0.363483369
-0.363483369
-0.363483369
-0.363483369
-0.363483369
-0.363483369
-0.363483369
-0.363483369
-0.363483369
-0.363483369
-0.363483369
-0.363483369
-0.363483369
-0.363483369
-0.363483369
-0.363483369
-0.363483369
-0.0215076562
1.57437897
3.24151063
2.21558332
0.00699031958
-0.363483369
-0.363483369
1.06141543
1.37489319
-0.363483369
-0.363483369
-0.363483369
-0.363483369
-0.363483369
-0.363483369
-0.363483369
-0.363483369
-0.363483369
-0.363483369
-0.363483369
-0.363483369
-0.363483369
-0.363483369
-0.363483369
-0.363483369
-0.363483369
-0.363483369
-0.363483369
-0.363483369
-0.363483369
-0.363483369
-0.363483369
0.833431602
3.22726154
1.54588103
-0.306487411
-0.363483369
-0.363483369
0.348966032
3.18451452
2.65730214
-0.363483369
-0.363483369
-0.363483369
-0.363483369
-0.363483369
-0.363483369
-0.363483369
-0.363483369
-0.363483369
-0.363483369
-0.363483369
-0.363483369
-0.363483369
-0.363483369
-0.363483369
-0.363483369
-0.363483369
-0.363483369
-0.363483369
-0.363483369
-0.363483369
-0.363483369
0.320468038
2.91378379
2.60030603
-0.363483369
-0.363483369
-0.363483369
0.0497372821
2.75704503
3.24151063
1.33214617
-0.363483369
-0.363483369
-0.363483369
-0.363483369
-0.363483369
-0.363483369
-0.363483369
-0.363483369
-0.363483369
-0.363483369
-0.363483369
-0.363483369
-0.363483369
-0.363483369
-0.363483369
-0.363483369
-0.363483369
-0.363483369
-0.363483369
-0.363483369
-0.363483369
-0.363483369
1.48888505
3.24151063
1.54588103
-0.363483369
-0.363483369
-0.306487411
1.78811383
2.87103677
2.84253883
2.01609755
-0.363483369
-0.363483369
-0.363483369
-0.363483369
-0.363483369
-0.363483369
-0.363483369
-0.363483369
-0.363483369
-0.363483369
-0.363483369
-0.363483369
-0.363483369
-0.363483369
-0.363483369
-0.363483369
-0.363483369
-0.363483369
-0.363483369
-0.363483369
-0.363483369
-0.363483369
1.48888505
3.24151063
1.90210569
-0.363483369
0.0212393068
1.68837082
3.24151063
0.206476152
2.37232232
2.79979181
-0.363483369
-0.363483369
-0.363483369
-0.363483369
-0.363483369
-0.363483369
-0.363483369
-0.363483369
-0.363483369
-0.363483369
-0.363483369
-0.363483369
-0.363483369
-0.363483369
-0.363483369
-0.363483369
-0.363483369
-0.363483369
-0.363483369
-0.363483369
-0.363483369
-0.363483369
0.249223113
3.22726154
3.12751865
1.54588103
2.91378379
3.19876361
1.43188906
-0.349234372
2.37232232
2.79979181
-0.363483369
-0.363483369
-0.363483369
-0.363483369
-0.363483369
-0.363483369
-0.363483369
-0.363483369
-0.363483369
-0.363483369
-0.363483369
-0.363483369
-0.363483369
-0.363483369
-0.363483369
-0.363483369
-0.363483369
-0.363483369
-0.363483369
-0.363483369
-0.363483369
-0.363483369
-0.363483369
1.04716647
2.50056314
2.50056314
1.87360775
0.177978173
-0.363483369
-0.363483369
2.37232232
2.79979181
-0.363483369
-0.363483369
-0.363483369
-0.363483369
-0.363483369
-0.363483369
-0.363483369
-0.363483369
-0.363483369
-0.363483369
-0.363483369
-0.363483369
-0.363483369
-0.363483369
-0.363483369
-0.363483369
-0.363483369
-0.363483369
-0.363483369
-0.363483369
-0.363483369
-0.363483369
-0.363483369
-0.363483369
-0.363483369
-0.363483369
-0.363483369
-0.363483369
-0.363483369
-0.363483369
2.37232232
2.79979181
-0.363483369
-0.363483369
-0.363483369
-0.363483369
-0.363483369
-0.363483369
-0.363483369
-0.363483369
-0.363483369
-0.363483369
-0.363483369
-0.363483369
-0.363483369
-0.363483369
-0.363483369
-0.363483369
-0.363483369
-0.363483369
-0.363483369
-0.363483369
-0.363483369
-0.363483369
-0.363483369
-0.363483369
-0.363483369
-0.363483369
-0.363483369
-0.363483369
-0.363483369
-0.363483369
2.37232232
2.79979181
-0.363483369
-0.363483369
-0.363483369
-0.363483369
-0.363483369
-0.363483369
-0.363483369
-0.363483369
-0.363483369
-0.363483369
-0.363483369
-0.363483369
-0.363483369
-0.363483369
-0.363483369
-0.363483369
-0.363483369
-0.363483369
-0.363483369
-0.363483369
-0.363483369
-0.363483369
-0.363483369
-0.363483369
-0.363483369
-0.363483369
-0.363483369
-0.363483369
-0.363483369
-0.363483369
2.37232232
2.79979181
-0.363483369
-0.363483369
-0.363483369
-0.363483369
-0.363483369
-0.363483369
-0.363483369
-0.363483369
-0.363483369
-0.363483369
-0.363483369
-0.363483369
-0.363483369
-0.363483369
-0.363483369
-0.363483369
-0.363483369
-0.363483369
-0.363483369
-0.363483369
-0.363483369
-0.363483369
-0.363483369
-0.363483369
-0.363483369
-0.363483369
-0.363483369
-0.363483369
-0.363483369
-0.277989447
2.4863143
2.61455512
-0.363483369
-0.363483369
-0.363483369
-0.363483369
-0.363483369
-0.363483369
-0.363483369
-0.363483369
-0.363483369
-0.363483369
-0.363483369
-0.363483369
-0.363483369
-0.363483369
-0.363483369
-0.363483369
-0.363483369
-0.363483369
-0.363483369
-0.363483369
-0.363483369
-0.363483369
-0.363483369
-0.363483369
-0.363483369
-0.363483369
-0.363483369
-0.363483369
-0.363483369
-0.19249551
2.61455512
1.33214617
-0.363483369
-0.363483369
-0.363483369
-0.363483369
-0.363483369
-0.363483369
-0.363483369
-0.363483369
-0.363483369
-0.363483369
-0.363483369
-0.363483369
-0.363483369
-0.363483369
-0.363483369
-0.363483369
-0.363483369
-0.363483369
-0.363483369
-0.363483369
-0.363483369
-0.363483369
-0.363483369
-0.363483369
-0.363483369
-0.363483369
-0.363483369
-0.363483369
-0.363483369
0.177978173
3.15601659
1.33214617
-0.363483369
-0.363483369
-0.363483369
-0.363483369
-0.363483369
-0.363483369
-0.363483369
-0.363483369
-0.363483369
-0.363483369
-0.363483369
-0.363483369
-0.363483369
-0.363483369
-0.363483369
-0.363483369
-0.363483369
-0.363483369
-0.363483369
-0.363483369
-0.363483369
-0.363483369
-0.363483369
-0.363483369
-0.363483369
-0.363483369
-0.363483369
-0.363483369
-0.363483369
0.234974116
3.24151063
1.71686888
-0.363483369
-0.363483369
-0.363483369
-0.363483369
-0.363483369
-0.363483369
-0.363483369
-0.363483369
-0.363483369
-0.363483369
-0.363483369
-0.363483369
-0.363483369
-0.363483369
-0.363483369
-0.363483369
-0.363483369
-0.363483369
-0.363483369
-0.363483369
-0.363483369
-0.363483369
-0.363483369
-0.363483369
-0.363483369
-0.363483369
-0.363483369
-0.363483369
-0.363483369
0.206476152
3.21301246
2.79979181
-0.363483369
-0.363483369
-0.363483369
-0.363483369
-0.363483369
-0.363483369
-0.363483369
-0.363483369
-0.363483369
-0.363483369
-0.363483369
-0.363483369
-0.363483369
-0.363483369
-0.363483369
-0.363483369
-0.363483369
-0.363483369
-0.363483369
-0.363483369
-0.363483369
-0.363483369
-0.363483369
-0.363483369
-0.363483369
-0.363483369
-0.363483369
-0.363483369
-0.363483369
-0.363483369
2.37232232
2.89953494
-0.12125057
-0.363483369
-0.363483369
-0.363483369
-0.363483369
-0.363483369
-0.363483369
-0.363483369
-0.363483369
-0.363483369
-0.363483369
-0.363483369
-0.363483369
-0.363483369
-0.363483369
-0.363483369
-0.363483369
-0.363483369
-0.363483369
-0.363483369
-0.363483369
-0.363483369
-0.363483369
-0.363483369
-0.363483369
-0.363483369
-0.363483369
-0.363483369
-0.363483369
-0.363483369
1.75961578
3.24151063
0.662443757
-0.363483369
-0.363483369
-0.363483369
-0.363483369
-0.363483369
-0.363483369
-0.363483369
-0.363483369
-0.363483369
-0.363483369
-0.363483369
-0.363483369
-0.363483369
-0.363483369
-0.363483369
-0.363483369
-0.363483369
-0.363483369
-0.363483369
-0.363483369
-0.363483369
-0.363483369
-0.363483369
-0.363483369
-0.363483369
-0.363483369
-0.363483369
-0.363483369
-0.363483369
-0.363483369
-0.363483369
-0.363483369
-0.363483369
-0.363483369
-0.363483369
-0.363483369
-0.363483369
-0.363483369
-0.363483369
-0.363483369
-0.363483369
-0.363483369
-0.363483369
-0.363483369
-0.363483369
-0.363483369
-0.363483369
-0.363483369
-0.363483369
-0.363483369
-0.363483369
-0.363483369
-0.363483369
-0.363483369
-0.363483369
-0.363483369
-0.363483369
-0.363483369
-0.363483369
-0.363483369
-0.363483369
-0.363483369
-0.363483369
-0.363483369
-0.363483369
-0.363483369
-0.363483369
-0.363483369
-0.363483369
-0.363483369
-0.363483369
-0.363483369
-0.363483369
-0.363483369
-0.363483369
-0.363483369
-0.363483369
-0.363483369
-0.363483369
-0.363483369
-0.363483369
-0.363483369
-0.363483369
-0.363483369
-0.363483369
-0.363483369
-0.363483369
-0.363483369
-0.363483369
-0.363483369
-0.363483369
-0.363483369
-0.363483369
-0.363483369
-0.363483369
-0.363483369
-0.363483369
-0.363483369
-0.363483369
-0.363483369
-0.363483369
-0.363483369
-0.363483369
-0.363483369
-0.363483369
-0.363483369
-0.363483369
