-0.363483369
-0.363483369
-0.363483369
-0.363483369
-0.363483369
-0.363483369
-0.363483369
-0.363483369
-0.363483369
-0.363483369
-0.363483369
-0.363483369
-0.363483369
-0.363483369
-0.363483369
-0.363483369
-0.363483369
-0.363483369
-0.363483369
-0.363483369
-0.363483369
-0.363483369
-0.363483369
-0.363483369
-0.363483369
-0.363483369
-0.363483369
-0.363483369
-0.363483369
-0.363483369
-0.363483369
-0.363483369
-0.363483369
-0.363483369
-0.363483369
-0.363483369
-0.363483369
-0.363483369
-0.363483369
-0.363483369
-0.363483369
-0.363483369
-0.363483369
-0.363483369
-0.363483369
-0.363483369
-0.363483369
-0.363483369
-0.363483369
-0.363483369
-0.363483369
-0.363483369
-0.363483369
-0.363483369
-0.363483369
-0.363483369
-0.363483369
-0.363483369
-0.363483369
-0.363483369
-0.363483369
-0.363483369
-0.363483369
-0.363483369
-0.363483369
-0.363483369
-0.363483369
-0.363483369
-0.363483369
-0.363483369
-0.363483369
-0.363483369
-0.363483369
-0.363483369
-0.363483369
-0.363483369
-0.363483369
-0.363483369
-0.363483369
-0.363483369
-0.363483369
-0.363483369
-0.363483369
-0.363483369
-0.363483369
-0.363483369
-0.363483369
-0.363483369
-0.363483369
-0.363483369
-0.363483369
-0.363483369
-0.363483369
-0.363483369
-0.363483369
-0.363483369
-0.363483369
-0.363483369
-0.363483369
-0.363483369
-0.363483369
-0.363483369
-0.363483369
-0.363483369
-0.363483369
-0.363483369
-0.363483369
-0.363483369
-0.363483369
-0.363483369
-0.363483369
-0.363483369
-0.363483369
-0.363483369
-0.363483369
-0.363483369
-0.363483369
-0.363483369
-0.363483369
-0.363483369
-0.363483369
-0.363483369
-0.363483369
-0.363483369
-0.363483369
-0.363483369
-0.363483369
-0.363483369
-0.363483369
-0.363483369
-0.363483369
-0.363483369
-0.363483369
-0.363483369
-0.363483369
-0.363483369
-0.363483369
-0.363483369
-0.363483369
-0.363483369
-0.363483369
-0.363483369
-0.363483369
-0.363483369
-0.363483369
-0.363483369
-0.363483369
-0.363483369
-0.363483369
-0.363483369
-0.363483369
-0.363483369
-0.363483369
-0.363483369
-0.363483369
-0.363483369
-0.363483369
-0.363483369
-0.363483369
-0.363483369
-0.363483369
-0.363483369
-0.363483369
-0.363483369
-0.363483369
-0.363483369
-0.363483369
-0.363483369
-0.363483369
-0.363483369
-0.363483369
-0.363483369
-0.363483369
-0.363483369
-0.363483369
-0.363483369
-0.363483369
-0.363483369
-0.363483369
-0.363483369
-0.363483369
-0.363483369
-0.363483369
-0.363483369
-0.363483369
-0.363483369
-0.363483369
-0.363483369
-0.363483369
-0.363483369
-0.363483369
-0.363483369
-0.363483369
-0.363483369
-0.363483369
-0.363483369
-0.363483369
-0.363483369
-0.363483369
-0.363483369
-0.363483369
-0.363483369
-0.363483369
-0.363483369
-0.363483369
-0.363483369
-0.363483369
-0.363483369
-0.363483369
-0.363483369
-0.363483369
-0.363483369
-0.363483369
-0.363483369
-0.363483369
-0.363483369
-0.363483369
-0.363483369
-0.363483369
-0.363483369
-0.363483369
-0.363483369
-0.363483369
-0.363483369
-0.363483369
-0.363483369
-0.363483369
-0.363483369
-0.363483369
-0.363483369
-0.363483369
-0.363483369
-0.363483369
-0.363483369
-0.363483369
-0.363483369
-0.363483369
-0.363483369
-0.363483369
-0.363483369
-0.363483369
-0.363483369
-0.363483369
-0.363483369
-0.363483369
-0.363483369
-0.363483369
-0.363483369
-0.363483369
-0.363483369
-0.363483369
-0.363483369
-0.363483369
-0.363483369
-0.363483369
-0.363483369
-0.363483369
-0.363483369
-0.363483369
-0.363483369
-0.363483369
-0.363483369
-0.363483369
-0.363483369
-0.363483369
-0.363483369
-0.363483369
-0.363483369
-0.363483369
-0.363483369
-0.363483369
-0.363483369
-0.363483369
-0.363483369
-0.363483369
-0.363483369
-0.363483369
-0.363483369
-0.363483369
-0.363483369
-0.363483369
-0.363483369
-0.363483369
-0.363483369
-0.363483369
-0.363483369
-0.363483369
-0.363483369
-0.363483369
-0.363483369
-0.363483369
-0.363483369
-0.363483369
-0.363483369
-0.363483369
-0.363483369
-0.363483369
-0.363483369
-0.363483369
-0.363483369
0.0924842432
0.676692724
0.676692724
0.676692724
0.676692724
0.676692724
2.51481223
3.27000856
1.75961578
-0.220993489
-0.363483369
-0.363483369
-0.363483369
-0.363483369
-0.363483369
-0.363483369
-0.363483369
-0.363483369
-0.363483369
-0.363483369
-0.363483369
-0.363483369
-0.363483369
-0.363483369
-0.363483369
-0.363483369
-0.363483369
-0.363483369
-0.363483369
-0.363483369
0.833431602
1.68837082
2.34382439
3.21301246
3.24151063
3.21301246
3.21301246
3.21301246
3.21301246
3.24151063
3.21301246
1.6028769
-0.363483369
-0.363483369
-0.363483369
-0.363483369
-0.363483369
-0.363483369
-0.363483369
-0.363483369
-0.363483369
-0.363483369
-0.363483369
-0.363483369
-0.363483369
-0.363483369
-0.363483369
-0.0642546192
2.37232232
2.7285471
2.7285471
2.74279594
2.99927783
3.21301246
3.21301246
3.21301246
3.24151063
3.21301246
3.21301246
3.21301246
3.21301246
3.24151063
3.21301246
2.70004892
-0.363483369
-0.363483369
-0.363483369
-0.363483369
-0.363483369
-0.363483369
-0.363483369
-0.363483369
-0.363483369
-0.363483369
-0.363483369
-0.363483369
-0.363483369
-0.363483369
-0.363483369
0.819182634
2.99927783
3.21301246
3.21301246
3.24151063
3.21301246
3.21301246
3.21301246
3.21301246
3.24151063
3.21301246
1.87360775
1.65987289
2.77129388
3.24151063
3.21301246
2.70004892
-0.363483369
-0.363483369
-0.363483369
-0.363483369
-0.363483369
-0.363483369
-0.363483369
-0.363483369
-0.363483369
-0.363483369
-0.363483369
-0.363483369
-0.363483369
-0.363483369
-0.363483369
-0.363483369
2.7285471
3.21301246
3.21301246
3.24151063
3.21301246
3.21301246
3.21301246
1.37489319
0.662443757
0.64819479
-0.220993489
-0.363483369
2.20133448
3.24151063
3.21301246
2.70004892
-0.363483369
-0.363483369
-0.363483369
-0.363483369
-0.363483369
-0.363483369
-0.363483369
-0.363483369
-0.363483369
-0.363483369
-0.363483369
-0.363483369
-0.363483369
-0.363483369
-0.363483369
-0.363483369
-0.363483369
-0.363483369
-0.363483369
-0.363483369
-0.363483369
-0.363483369
-0.363483369
-0.363483369
-0.363483369
-0.363483369
-0.363483369
0.0924842432
2.51481223
3.27000856
3.24151063
2.71429801
-0.363483369
-0.363483369
-0.363483369
-0.363483369
-0.363483369
-0.363483369
-0.363483369
-0.363483369
-0.363483369
-0.363483369
-0.363483369
-0.363483369
-0.363483369
-0.363483369
-0.363483369
-0.363483369
-0.363483369
-0.363483369
-0.363483369
-0.363483369
-0.363483369
-0.363483369
-0.363483369
-0.363483369
-0.363483369
-0.363483369
-0.363483369
1.18965626
3.21301246
3.24151063
3.21301246
1.23240328
-0.363483369
-0.363483369
-0.363483369
-0.363483369
-0.363483369
-0.363483369
-0.363483369
-0.363483369
-0.363483369
-0.363483369
-0.363483369
-0.363483369
-0.363483369
-0.363483369
-0.363483369
-0.363483369
-0.363483369
-0.363483369
-0.363483369
-0.363483369
-0.363483369
-0.363483369
-0.363483369
-0.363483369
-0.363483369
-0.363483369
-0.277989447
1.47463608
3.21301246
3.24151063
2.91378379
0.0639862716
-0.363483369
-0.363483369
-0.363483369
-0.363483369
-0.363483369
-0.363483369
-0.363483369
-0.363483369
-0.363483369
-0.363483369
-0.363483369
-0.363483369
-0.363483369
-0.363483369
-0.363483369
-0.363483369
-0.363483369
-0.363483369
-0.363483369
-0.363483369
-0.363483369
-0.363483369
-0.363483369
-0.363483369
-0.363483369
-0.363483369
0.163729191
3.21301246
3.21301246
3.24151063
1.16115832
-0.363483369
-0.363483369
-0.363483369
-0.363483369
-0.363483369
-0.363483369
-0.363483369
-0.363483369
-0.363483369
-0.363483369
-0.363483369
-0.363483369
-0.363483369
-0.363483369
-0.363483369
-0.363483369
-0.363483369
-0.363483369
-0.363483369
-0.363483369
-0.363483369
-0.363483369
-0.363483369
-0.363483369
-0.363483369
-0.363483369
-0.363483369
0.163729191
3.21301246
3.21301246
2.50056314
0.0639862716
-0.363483369
-0.363483369
-0.363483369
-0.363483369
-0.363483369
-0.363483369
-0.363483369
-0.363483369
-0.363483369
-0.363483369
-0.363483369
-0.363483369
-0.363483369
-0.363483369
-0.363483369
-0.363483369
-0.363483369
-0.363483369
-0.363483369
-0.363483369
-0.363483369
-0.363483369
-0.363483369
-0.363483369
-0.363483369
-0.363483369
-0.363483369
2.74279594
3.24151063
3.24151063
2.22983241
-0.363483369
-0.363483369
-0.363483369
-0.363483369
-0.363483369
-0.363483369
-0.363483369
-0.363483369
-0.363483369
-0.363483369
-0.363483369
-0.363483369
-0.363483369
-0.363483369
-0.363483369
-0.363483369
-0.363483369
-0.363483369
-0.363483369
-0.363483369
-0.363483369
-0.363483369
-0.363483369
-0.363483369
-0.363483369
-0.363483369
-0.363483369
-0.363483369
2.7285471
3.21301246
3.21301246
2.20133448
-0.363483369
-0.363483369
-0.363483369
-0.363483369
-0.363483369
-0.363483369
-0.363483369
-0.363483369
-0.363483369
-0.363483369
-0.363483369
-0.363483369
-0.363483369
-0.363483369
-0.363483369
-0.363483369
-0.363483369
-0.363483369
-0.363483369
-0.363483369
-0.363483369
-0.363483369
-0.363483369
-0.363483369
-0.363483369
-0.363483369
-0.363483369
1.41764009
3.14176774
3.21301246
3.21301246
2.20133448
-0.363483369
-0.363483369
-0.363483369
-0.363483369
-0.363483369
-0.363483369
-0.363483369
-0.363483369
-0.363483369
-0.363483369
-0.363483369
-0.363483369
-0.363483369
-0.363483369
-0.363483369
-0.363483369
-0.363483369
-0.363483369
-0.363483369
-0.363483369
-0.363483369
-0.363483369
-0.363483369
-0.363483369
-0.363483369
-0.363483369
-0.363483369
1.68837082
3.21301246
3.21301246
3.21301246
2.20133448
-0.363483369
-0.363483369
-0.363483369
-0.363483369
-0.363483369
-0.363483369
-0.363483369
-0.363483369
-0.363483369
-0.363483369
-0.363483369
-0.363483369
-0.363483369
-0.363483369
-0.363483369
-0.363483369
-0.363483369
-0.363483369
-0.363483369
-0.363483369
-0.363483369
-0.363483369
-0.363483369
-0.363483369
-0.363483369
-0.363483369
-0.363483369
1.68837082
3.21301246
3.21301246
3.21301246
0.363214999
-0.363483369
-0.363483369
-0.363483369
-0.363483369
-0.363483369
-0.363483369
-0.363483369
-0.363483369
-0.363483369
-0.363483369
-0.363483369
-0.363483369
-0.363483369
-0.363483369
-0.363483369
-0.363483369
-0.363483369
-0.363483369
-0.363483369
-0.363483369
-0.363483369
-0.363483369
-0.363483369
-0.363483369
-0.363483369
-0.363483369
-0.363483369
1.70261991
3.24151063
3.24151063
3.24151063
-0.363483369
-0.363483369
-0.363483369
-0.363483369
-0.363483369
-0.363483369
-0.363483369
-0.363483369
-0.363483369
-0.363483369
-0.363483369
-0.363483369
-0.363483369
-0.363483369
-0.363483369
-0.363483369
-0.363483369
-0.363483369
-0.363483369
-0.363483369
-0.363483369
-0.363483369
-0.363483369
-0.363483369
-0.363483369
-0.363483369
-0.363483369
-0.363483369
1.68837082
3.21301246
3.21301246
3.21301246
-0.363483369
-0.363483369
-0.363483369
-0.363483369
-0.363483369
-0.363483369
-0.363483369
-0.363483369
-0.363483369
-0.363483369
-0.363483369
-0.363483369
-0.363483369
-0.363483369
-0.363483369
-0.363483369
-0.363483369
-0.363483369
-0.363483369
-0.363483369
-0.363483369
-0.363483369
-0.363483369
-0.363483369
-0.363483369
-0.363483369
-0.363483369
-0.363483369
1.68837082
3.21301246
3.21301246
3.21301246
-0.363483369
-0.363483369
-0.363483369
-0.363483369
-0.363483369
-0.363483369
-0.363483369
-0.363483369
-0.363483369
-0.363483369
-0.363483369
-0.363483369
-0.363483369
-0.363483369
-0.363483369
-0.363483369
-0.363483369
-0.363483369
-0.363483369
-0.363483369
-0.363483369
-0.363483369
-0.363483369
-0.363483369
-0.363483369
-0.363483369
-0.363483369
-0.363483369
1.68837082
3.21301246
3.21301246
2.10159159
-0.363483369
-0.363483369
-0.363483369
-0.363483369
-0.363483369
-0.363483369
-0.363483369
-0.363483369
-0.363483369
-0.363483369
-0.363483369
-0.363483369
-0.363483369
-0.363483369
-0.363483369
-0.363483369
-0.363483369
-0.363483369
-0.363483369
-0.363483369
-0.363483369
-0.363483369
-0.363483369
-0.363483369
-0.363483369
-0.363483369
-0.363483369
-0.363483369
0.220725134
1.01866841
2.10159159
-0.0785036087
-0.363483369
-0.363483369
-0.363483369
-0.363483369
-0.363483369
-0.363483369
-0.363483369
-0.363483369
-0.363483369
-0.363483369
-0.363483369
-0.363483369
-0.363483369
-0.363483369
-0.363483369
-0.363483369
-0.363483369
-0.363483369
-0.363483369
-0.363483369
-0.363483369
-0.363483369
-0.363483369
-0.363483369
-0.363483369
-0.363483369
-0.363483369
-0.363483369
-0.363483369
-0.363483369
-0.363483369
-0.363483369
-0.363483369
-0.363483369
-0.363483369
-0.363483369
-0.363483369
-0.363483369
-0.363483369
-0.363483369
-0.363483369
-0.363483369
-0.363483369
-0.363483369
-0.363483369
-0.363483369
-0.363483369
-0.363483369
-0.363483369
-0.363483369
-0.363483369
-0.363483369
-0.363483369
-0.363483369
-0.363483369
-0.363483369
-0.363483369
-0.363483369
-0.363483369
-0.363483369
-0.363483369
-0.363483369
-0.363483369
-0.363483369
-0.363483369
-0.363483369
-0.363483369
-0.363483369
-0.363483369
-0.363483369
-0.363483369
-0.363483369
-0.363483369
-0.363483369
-0.363483369
-0.363483369
-0.363483369
-0.363483369
-0.363483369
-0.363483369
-0.363483369
-0.363483369
-0.363483369
-0.363483369
-0.363483369
-0.363483369
-0.363483369
-0.363483369
-0.363483369
-0.363483369
-0.363483369
-0.363483369
-0.363483369
-0.363483369
-0.363483369
-0.363483369
-0.363483369
-0.363483369
-0.363483369
-0.363483369
-0.363483369
-0.363483369
-0.363483369
-0.363483369
-0.363483369
-0.363483369
-0.363483369
-0.363483369
-0.363483369
